0	100	0	1.65	1.31	0.03	2.10	7.01	
0	100	1	0.95	0.88	0.02	1.30	7.64	
0	100	2	1.02	0.76	0.02	1.27	7.55	
0	100	3	1.07	0.81	0.04	1.34	7.51	
0	100	4	1.07	0.89	0.07	1.39	7.52	
0	100	5	1.37	0.46	0.06	1.45	7.18	
0	100	6	1.36	0.22	0.04	1.37	7.18	
0	100	7	1.47	0.18	0.07	1.48	7.07	
0	100	8	1.84	0.00	0.00	1.84	6.70	
0	100	9	1.84	0.00	0.00	1.84	6.70	
0	100	10	1.84	0.00	0.00	1.84	6.70	
1	0	1	2.91	0.97	0.05	3.06	5.71	
1	0	2	2.86	1.12	0.06	3.07	5.78	
1	0	3	2.90	0.96	0.06	3.05	5.72	
1	0	4	2.80	0.84	0.07	2.92	5.80	
1	0	5	2.58	0.66	0.08	2.67	5.99	
1	0	6	2.55	0.38	0.07	2.58	6.00	
1	0	7	3.06	0.63	0.16	3.13	5.51	
1	1	0	3.47	1.77	0.10	3.89	5.37	
1	1	1	2.68	1.19	0.06	2.93	5.97	
1	1	2	2.75	1.00	0.05	2.92	5.87	
1	1	3	2.68	0.81	0.05	2.80	5.91	
1	1	4	2.68	0.90	0.08	2.83	5.92	
1	1	5	2.72	1.00	0.13	2.90	5.90	
1	1	6	2.75	0.48	0.14	2.80	5.80	
1	1	7	2.78	0.62	0.22	2.85	5.79	
1	1	8	2.55	0.00	0.00	2.55	5.99	
1	2	0	3.37	1.96	0.09	3.90	5.53	
1	2	1	2.55	1.18	0.05	2.81	6.10	
1	2	2	2.60	1.09	0.06	2.81	6.04	
1	2	3	2.53	0.86	0.05	2.67	6.07	
1	2	4	2.62	1.09	0.10	2.83	6.02	
1	2	5	2.45	0.64	0.10	2.54	6.12	
1	2	6	2.71	0.62	0.15	2.78	5.86	
1	2	7	2.55	0.00	0.00	2.55	5.99	
1	3	0	3.17	1.88	0.08	3.69	5.69	
1	3	1	2.48	1.12	0.05	2.72	6.16	
1	3	2	2.48	1.03	0.05	2.68	6.15	
1	3	3	2.47	1.16	0.08	2.73	6.18	
1	3	4	2.51	0.78	0.08	2.63	6.07	
1	3	5	2.29	0.61	0.10	2.37	6.28	
1	3	6	2.73	0.66	0.27	2.81	5.85	
1	3	7	2.38	0.00	0.00	2.38	6.16	
1	4	0	2.91	1.76	0.07	3.40	5.89	
1	4	1	2.22	1.08	0.04	2.47	6.41	
1	4	2	2.28	1.11	0.05	2.54	6.35	
1	4	3	2.33	1.00	0.07	2.54	6.28	
1	4	4	2.14	0.78	0.08	2.27	6.44	
1	4	5	2.40	0.79	0.12	2.53	6.19	
1	4	6	2.18	0.14	0.07	2.18	6.36	
1	4	7	2.33	0.05	0.04	2.33	6.21	
1	5	0	2.73	1.82	0.06	3.28	6.09	
1	5	1	2.04	1.08	0.04	2.30	6.59	
1	5	2	2.19	1.03	0.05	2.42	6.43	
1	5	3	2.00	0.79	0.06	2.15	6.58	
1	5	4	2.24	0.92	0.10	2.42	6.36	
1	5	5	1.85	0.67	0.17	1.97	6.72	
1	5	6	2.35	0.63	0.15	2.44	6.22	
1	6	0	2.52	1.65	0.05	3.01	6.24	
1	6	1	1.99	1.17	0.04	2.31	6.65	
1	6	2	1.87	1.13	0.05	2.18	6.76	
1	6	3	2.01	1.03	0.08	2.26	6.61	
1	6	4	1.89	0.87	0.12	2.09	6.70	
1	6	5	2.00	0.79	0.14	2.15	6.59	
1	6	6	1.66	0.85	0.32	1.86	6.93	
1	6	7	2.32	0.30	0.15	2.34	6.22	
1	7	0	2.50	1.71	0.05	3.03	6.27	
1	7	1	1.70	1.05	0.04	2.00	6.92	
1	7	2	1.77	1.37	0.07	2.24	6.91	
1	7	3	1.70	0.92	0.07	1.93	6.90	
1	7	4	1.95	1.16	0.13	2.27	6.69	
1	7	5	1.37	0.76	0.17	1.57	7.20	
1	7	6	1.87	0.61	0.25	1.97	6.69	
1	7	7	2.93	0.00	0.00	2.93	5.61	
1	8	0	2.23	1.52	0.05	2.70	6.48	
1	8	1	1.60	1.39	0.05	2.12	7.08	
1	8	2	1.50	0.94	0.05	1.77	7.09	
1	8	3	1.97	1.12	0.10	2.26	6.66	
1	8	4	1.53	0.76	0.09	1.71	7.05	
1	8	5	1.35	1.11	0.23	1.75	7.27	
1	8	6	1.52	1.00	0.58	1.82	7.09	
1	8	7	1.80	0.00	0.00	1.80	6.74	
1	9	0	2.08	1.82	0.06	2.76	6.71	
1	9	1	1.32	1.05	0.04	1.69	7.29	
1	9	2	1.61	1.12	0.06	1.96	7.02	
1	9	3	1.42	0.86	0.07	1.66	7.17	
1	9	4	1.75	1.18	0.17	2.11	6.89	
1	9	5	2.89	1.61	0.51	3.30	5.87	
1	9	6	1.32	0.54	0.15	1.43	7.24	
1	9	7	0.81	0.00	0.00	0.81	7.73	
1	10	0	1.96	1.46	0.04	2.44	6.74	
1	10	1	1.33	1.01	0.04	1.67	7.28	
1	10	2	1.28	0.88	0.05	1.56	7.31	
1	10	3	1.61	1.20	0.10	2.01	7.03	
1	10	4	1.31	0.74	0.11	1.51	7.26	
1	10	5	1.76	1.17	0.30	2.12	6.87	
1	10	6	3.03	1.52	0.42	3.39	5.71	
1	11	0	2.02	1.45	0.05	2.49	6.68	
1	11	1	1.25	0.86	0.03	1.51	7.34	
1	11	2	1.25	0.96	0.05	1.57	7.35	
1	11	3	1.33	0.86	0.07	1.59	7.25	
1	11	4	1.29	1.13	0.16	1.71	7.34	
1	11	5	1.36	0.67	0.14	1.52	7.20	
1	11	6	5.44	0.00	0.00	5.44	3.10	
1	11	7	1.58	0.36	0.25	1.62	6.97	
1	12	0	1.88	1.48	0.04	2.39	6.81	
1	12	1	1.30	1.08	0.04	1.69	7.32	
1	12	2	1.10	0.90	0.05	1.42	7.49	
1	12	3	1.21	0.87	0.07	1.49	7.38	
1	12	4	1.15	0.86	0.15	1.44	7.43	
1	12	5	1.48	0.76	0.17	1.66	7.10	
1	12	6	1.44	0.50	0.35	1.52	7.11	
1	12	8	1.85	0.13	0.08	1.85	6.69	
1	13	0	1.93	1.40	0.05	2.39	6.75	
1	13	1	1.16	0.81	0.03	1.41	7.42	
1	13	2	1.14	0.95	0.05	1.49	7.45	
1	13	3	1.18	0.91	0.08	1.49	7.41	
1	13	4	1.17	0.61	0.08	1.32	7.39	
1	13	5	1.39	0.29	0.09	1.42	7.15	
1	13	6	1.88	1.57	0.59	2.45	6.84	
1	13	7	1.80	0.14	0.10	1.81	6.74	
1	13	9	1.87	0.12	0.06	1.87	6.67	
1	14	0	1.82	1.42	0.05	2.31	6.86	
1	14	1	1.17	0.70	0.03	1.37	7.39	
1	14	2	1.09	0.96	0.05	1.45	7.51	
1	14	3	1.18	0.93	0.08	1.50	7.42	
1	14	4	1.58	1.39	0.25	2.11	7.09	
1	14	5	1.12	0.50	0.11	1.22	7.43	
1	14	6	2.43	1.37	0.46	2.79	6.26	
1	14	7	0.73	0.00	0.00	0.73	7.81	
1	14	10	1.80	0.14	0.07	1.81	6.74	
1	15	0	1.88	1.44	0.06	2.37	6.81	
1	15	1	1.14	0.80	0.04	1.40	7.44	
1	15	2	1.18	0.71	0.04	1.38	7.39	
1	15	3	1.12	1.04	0.10	1.53	7.49	
1	15	4	1.22	0.43	0.06	1.29	7.33	
1	15	5	1.14	0.42	0.09	1.22	7.40	
1	15	6	1.20	0.38	0.13	1.26	7.35	
1	16	0	1.79	1.41	0.06	2.29	6.89	
1	16	1	1.10	0.69	0.03	1.30	7.47	
1	16	2	1.09	0.85	0.06	1.38	7.49	
1	16	3	1.16	0.44	0.04	1.24	7.39	
1	16	4	1.34	0.47	0.07	1.42	7.21	
1	16	5	1.25	0.39	0.07	1.31	7.30	
1	16	7	1.29	0.00	0.00	1.29	7.25	
1	17	0	1.78	1.29	0.05	2.20	6.88	
1	17	1	1.06	0.85	0.05	1.36	7.52	
1	17	2	1.15	0.58	0.04	1.29	7.41	
1	17	3	1.24	0.50	0.06	1.34	7.32	
1	17	4	1.37	0.42	0.06	1.43	7.18	
1	17	5	1.41	0.14	0.05	1.42	7.12	
1	17	6	1.87	0.41	0.21	1.91	6.68	
1	18	0	1.76	1.61	0.09	2.38	6.96	
1	18	1	1.12	0.54	0.03	1.24	7.43	
1	18	2	1.16	0.50	0.04	1.26	7.40	
1	18	3	1.18	0.53	0.06	1.29	7.37	
1	18	4	1.50	0.40	0.09	1.55	7.05	
1	18	5	1.50	0.18	0.04	1.51	7.04	
1	18	6	1.42	0.17	0.07	1.43	7.12	
1	18	7	1.66	0.00	0.00	1.66	6.88	
1	19	0	1.90	1.12	0.07	2.21	6.73	
1	19	1	1.13	0.64	0.05	1.29	7.44	
1	19	2	1.13	0.48	0.04	1.23	7.42	
1	19	3	1.21	0.42	0.07	1.28	7.34	
1	19	4	1.40	0.27	0.05	1.43	7.14	
1	19	5	1.44	0.39	0.10	1.49	7.11	
1	19	6	1.55	0.15	0.06	1.56	6.99	
1	19	7	1.50	0.21	0.09	1.51	7.04	
1	20	0	1.97	1.19	0.08	2.31	6.67	
1	20	1	1.16	0.44	0.04	1.24	7.39	
1	20	2	1.08	0.77	0.09	1.33	7.49	
1	20	3	1.33	0.38	0.05	1.38	7.22	
1	20	4	1.29	0.25	0.06	1.31	7.25	
1	20	5	1.38	0.31	0.11	1.41	7.17	
1	20	6	1.68	0.32	0.11	1.72	6.86	
1	20	7	1.49	0.11	0.05	1.49	7.05	
1	20	8	1.29	0.00	0.00	1.29	7.25	
1	21	0	1.85	1.24	0.09	2.22	6.80	
1	21	1	1.23	0.55	0.06	1.35	7.33	
1	21	2	1.27	0.61	0.07	1.41	7.29	
1	21	3	1.20	0.59	0.12	1.34	7.36	
1	21	4	1.33	0.38	0.08	1.39	7.21	
1	21	5	1.32	0.27	0.08	1.35	7.22	
1	21	7	1.67	0.20	0.10	1.68	6.87	
1	21	8	1.58	0.00	0.00	1.58	6.96	
1	22	0	2.03	1.31	0.14	2.41	6.64	
1	22	1	1.14	0.68	0.08	1.33	7.42	
1	22	2	1.17	0.64	0.13	1.33	7.40	
1	22	3	1.27	0.40	0.08	1.33	7.28	
1	22	4	1.44	0.56	0.15	1.54	7.12	
1	22	5	1.42	0.11	0.04	1.42	7.12	
1	22	6	1.42	0.00	0.00	1.42	7.12	
1	22	8	1.50	0.16	0.11	1.51	7.03	
1	22	9	1.58	0.00	0.00	1.58	6.96	
1	23	0	2.07	1.04	0.11	2.32	6.55	
1	23	1	1.05	0.68	0.11	1.25	7.52	
1	23	2	1.31	0.34	0.07	1.36	7.23	
1	23	3	1.18	0.55	0.21	1.30	7.37	
1	23	4	1.38	0.13	0.03	1.39	7.15	
1	23	5	1.52	0.23	0.16	1.54	7.02	
1	23	6	1.66	0.00	0.00	1.66	6.88	
1	23	7	1.42	0.00	0.00	1.42	7.12	
1	23	9	1.51	0.15	0.08	1.51	7.03	
1	24	0	1.76	1.27	0.19	2.17	6.90	
1	24	1	1.36	0.36	0.07	1.41	7.18	
1	24	2	1.24	0.56	0.15	1.36	7.32	
1	24	3	1.36	0.21	0.06	1.37	7.18	
1	24	4	1.37	0.03	0.02	1.37	7.16	
1	24	5	1.46	0.14	0.05	1.46	7.08	
1	24	6	1.60	0.22	0.13	1.61	6.94	
1	25	0	2.80	0.19	0.09	2.80	5.74	
1	25	1	1.35	0.38	0.08	1.40	7.20	
1	25	2	1.43	0.24	0.10	1.45	7.11	
1	25	3	1.62	0.09	0.05	1.63	6.91	
1	25	4	1.63	0.06	0.02	1.63	6.90	
1	25	5	1.42	0.00	0.00	1.42	7.12	
1	25	6	1.29	0.00	0.00	1.29	7.25	
1	26	0	1.33	0.96	0.18	1.64	7.27	
1	26	1	1.33	0.03	0.02	1.33	7.21	
1	26	2	1.36	0.14	0.10	1.37	7.18	
1	26	3	1.46	0.04	0.02	1.46	7.08	
1	26	4	1.68	0.06	0.03	1.68	6.86	
1	26	7	1.29	0.00	0.00	1.29	7.25	
1	27	0	2.40	0.64	0.32	2.48	6.17	
1	27	1	1.44	0.12	0.05	1.45	7.10	
1	27	2	1.29	0.00	0.00	1.29	7.25	
1	27	5	1.58	0.00	0.00	1.58	6.96	
1	28	0	1.86	0.50	0.29	1.92	6.70	
1	28	1	1.42	0.00	0.00	1.42	7.12	
2	0	1	3.46	1.57	0.04	3.80	5.31	
2	0	2	3.58	1.67	0.04	3.95	5.24	
2	0	3	3.53	1.58	0.04	3.86	5.25	
2	0	4	3.33	1.27	0.04	3.56	5.36	
2	0	5	3.24	1.20	0.06	3.45	5.43	
2	0	6	3.14	0.98	0.07	3.29	5.48	
2	0	7	3.24	1.78	0.21	3.70	5.59	
2	0	8	4.43	1.80	0.54	4.79	4.48	
2	0	10	2.71	0.00	0.00	2.71	5.83	
2	1	0	4.10	2.37	0.06	4.74	5.03	
2	1	1	3.37	1.62	0.04	3.74	5.41	
2	1	2	3.40	1.56	0.03	3.74	5.37	
2	1	3	3.26	1.45	0.04	3.57	5.47	
2	1	4	3.22	1.48	0.05	3.55	5.52	
2	1	5	3.02	1.03	0.06	3.19	5.62	
2	1	6	3.12	1.62	0.15	3.52	5.65	
2	1	7	2.99	0.91	0.18	3.13	5.62	
2	1	8	3.26	1.72	0.61	3.68	5.56	
2	1	9	2.71	0.00	0.00	2.71	5.83	
2	2	0	4.05	2.41	0.05	4.72	5.09	
2	2	1	3.21	1.56	0.03	3.57	5.55	
2	2	2	3.23	1.52	0.03	3.57	5.51	
2	2	3	3.05	1.45	0.04	3.38	5.67	
2	2	4	3.15	1.52	0.06	3.50	5.59	
2	2	5	2.75	0.87	0.05	2.89	5.85	
2	2	6	3.32	1.66	0.24	3.71	5.47	
2	2	7	2.86	1.24	0.29	3.12	5.81	
2	2	8	2.71	0.00	0.00	2.71	5.83	
2	3	0	3.83	2.40	0.04	4.52	5.28	
2	3	1	3.02	1.55	0.03	3.40	5.73	
2	3	2	2.95	1.48	0.03	3.30	5.78	
2	3	3	2.99	1.53	0.05	3.36	5.76	
2	3	4	2.85	1.57	0.06	3.26	5.89	
2	3	5	3.01	1.75	0.14	3.48	5.80	
2	3	6	2.80	1.20	0.18	3.04	5.86	
2	3	7	3.56	2.68	0.95	4.46	5.65	
2	4	0	3.68	2.18	0.04	4.27	5.33	
2	4	1	2.81	1.49	0.03	3.18	5.92	
2	4	2	2.78	1.52	0.03	3.17	5.95	
2	4	3	2.75	1.38	0.04	3.08	5.95	
2	4	4	2.63	1.25	0.06	2.91	6.03	
2	4	5	2.71	1.80	0.14	3.25	6.10	
2	4	6	4.58	3.32	0.56	5.66	5.17	
2	4	7	2.15	0.24	0.12	2.16	6.39	
2	4	8	1.35	0.00	0.00	1.35	7.19	
2	5	0	3.37	2.25	0.04	4.06	5.63	
2	5	1	2.63	1.49	0.03	3.02	6.09	
2	5	2	2.66	1.48	0.03	3.05	6.06	
2	5	3	2.52	1.34	0.04	2.86	6.16	
2	5	4	2.44	1.27	0.07	2.75	6.23	
2	5	5	2.48	1.43	0.15	2.86	6.22	
2	5	6	2.30	0.78	0.13	2.43	6.28	
2	5	7	4.84	1.90	0.95	5.20	4.16	
2	5	8	2.51	0.00	0.00	2.51	6.03	
2	5	9	1.35	0.00	0.00	1.35	7.19	
2	6	0	3.15	2.07	0.03	3.77	5.77	
2	6	1	2.39	1.35	0.02	2.74	6.29	
2	6	2	2.49	1.48	0.04	2.90	6.22	
2	6	3	2.36	1.57	0.06	2.84	6.37	
2	6	4	2.47	1.51	0.09	2.90	6.25	
2	6	5	2.52	1.29	0.14	2.83	6.15	
2	6	6	1.77	0.81	0.17	1.95	6.81	
2	6	7	2.51	1.54	0.51	2.95	6.22	
2	6	8	1.74	0.55	0.32	1.82	6.82	
2	7	0	2.98	2.06	0.03	3.62	5.93	
2	7	1	2.15	1.34	0.03	2.53	6.53	
2	7	2	2.23	1.42	0.04	2.65	6.46	
2	7	3	2.29	1.51	0.06	2.75	6.43	
2	7	4	2.24	1.87	0.12	2.92	6.57	
2	7	5	2.01	1.55	0.19	2.54	6.70	
2	7	6	2.85	1.90	0.48	3.42	6.00	
2	7	7	2.12	0.40	0.12	2.15	6.43	
2	8	0	2.75	1.99	0.03	3.40	6.12	
2	8	1	2.02	1.34	0.03	2.43	6.65	
2	8	2	1.99	1.43	0.04	2.45	6.70	
2	8	3	1.91	1.21	0.05	2.26	6.74	
2	8	4	2.06	1.68	0.13	2.66	6.69	
2	8	5	1.89	1.94	0.25	2.71	6.92	
2	8	6	1.90	1.66	0.28	2.53	6.84	
2	8	7	6.79	0.00	0.00	6.79	1.75	
2	9	0	2.54	1.91	0.03	3.17	6.29	
2	9	1	1.82	1.22	0.03	2.19	6.83	
2	9	2	1.78	1.23	0.04	2.16	6.87	
2	9	3	1.89	1.43	0.07	2.37	6.79	
2	9	4	1.85	1.19	0.11	2.20	6.80	
2	9	5	2.34	1.55	0.20	2.81	6.38	
2	9	6	3.31	3.78	0.77	5.02	6.45	
2	9	7	-1.01	4.12	2.91	4.24	10.39	
2	10	0	2.49	1.90	0.03	3.13	6.34	
2	10	1	1.64	1.14	0.03	1.99	6.99	
2	10	2	1.66	1.28	0.04	2.10	6.99	
2	10	3	1.75	1.14	0.06	2.09	6.88	
2	10	4	1.86	1.31	0.10	2.28	6.80	
2	10	5	1.53	0.43	0.08	1.59	7.02	
2	10	6	3.21	1.87	0.56	3.72	5.64	
2	11	0	2.35	1.79	0.04	2.96	6.44	
2	11	1	1.52	1.01	0.02	1.83	7.09	
2	11	2	1.60	0.97	0.03	1.87	7.00	
2	11	3	1.58	1.09	0.06	1.92	7.04	
2	11	4	1.72	0.84	0.08	1.92	6.86	
2	11	5	2.40	1.80	0.26	3.01	6.39	
2	11	6	1.72	0.48	0.20	1.79	6.83	
2	11	7	3.42	1.60	0.39	3.77	5.36	
2	12	0	2.32	1.68	0.04	2.86	6.44	
2	12	1	1.44	0.89	0.02	1.70	7.15	
2	12	2	1.41	0.99	0.04	1.72	7.19	
2	12	3	1.61	0.99	0.06	1.89	7.00	
2	12	4	1.49	1.01	0.10	1.80	7.12	
2	12	5	1.59	0.60	0.10	1.70	6.97	
2	12	6	2.13	0.81	0.24	2.28	6.46	
2	12	7	1.80	0.75	0.33	1.95	6.78	
2	12	8	2.32	1.19	0.53	2.61	6.33	
2	13	0	2.22	1.62	0.04	2.75	6.52	
2	13	1	1.36	0.87	0.03	1.62	7.23	
2	13	2	1.38	0.84	0.03	1.62	7.20	
2	13	3	1.45	1.23	0.07	1.90	7.19	
2	13	4	1.55	0.76	0.07	1.73	7.03	
2	13	5	1.44	0.31	0.06	1.48	7.10	
2	13	6	1.95	0.78	0.21	2.10	6.64	
2	13	7	1.81	0.04	0.02	1.81	6.73	
2	13	9	2.44	1.31	0.65	2.77	6.23	
2	14	0	2.21	1.54	0.04	2.69	6.51	
2	14	1	1.27	0.80	0.03	1.50	7.31	
2	14	2	1.40	1.04	0.05	1.74	7.21	
2	14	3	1.41	0.80	0.06	1.62	7.17	
2	14	4	1.25	1.08	0.12	1.65	7.36	
2	14	5	2.14	1.56	0.24	2.65	6.58	
2	14	6	1.51	0.21	0.05	1.52	7.03	
2	14	7	1.86	0.70	0.29	1.99	6.72	
2	14	8	4.71	0.00	0.00	4.71	3.83	
2	14	10	1.75	0.00	0.00	1.75	6.79	
2	15	0	2.10	1.51	0.05	2.59	6.61	
2	15	1	1.34	0.86	0.04	1.59	7.25	
2	15	2	1.30	0.68	0.04	1.47	7.26	
2	15	3	1.45	0.56	0.05	1.55	7.11	
2	15	4	1.42	0.55	0.07	1.53	7.13	
2	15	5	1.29	1.01	0.17	1.64	7.32	
2	15	6	1.50	0.21	0.06	1.52	7.04	
2	15	7	1.44	0.18	0.09	1.45	7.10	
2	15	9	4.71	0.00	0.00	4.71	3.83	
2	16	0	2.19	1.65	0.07	2.74	6.56	
2	16	1	1.30	0.60	0.03	1.43	7.26	
2	16	2	1.30	0.78	0.05	1.52	7.28	
2	16	3	1.40	0.55	0.05	1.50	7.16	
2	16	4	1.54	0.25	0.03	1.56	7.00	
2	16	5	1.53	0.39	0.09	1.57	7.02	
2	16	6	1.00	1.59	0.44	1.88	7.70	
2	16	7	1.94	0.00	0.00	1.94	6.60	
2	17	0	2.08	1.35	0.07	2.48	6.59	
2	17	1	1.26	0.76	0.05	1.47	7.31	
2	17	2	1.22	0.79	0.06	1.45	7.36	
2	17	3	1.45	0.35	0.05	1.50	7.09	
2	17	4	1.41	0.54	0.08	1.51	7.14	
2	17	5	1.48	0.22	0.06	1.49	7.06	
2	17	6	2.05	0.21	0.10	2.06	6.49	
2	17	7	0.37	2.17	0.89	2.20	8.45	
2	18	0	2.25	1.76	0.11	2.86	6.52	
2	18	1	1.24	0.69	0.06	1.42	7.33	
2	18	2	1.30	0.61	0.07	1.43	7.26	
2	18	3	1.38	0.57	0.07	1.49	7.18	
2	18	4	1.51	0.17	0.05	1.52	7.03	
2	18	5	1.48	0.76	0.20	1.67	7.09	
2	18	6	1.69	0.31	0.13	1.72	6.85	
2	19	0	1.87	1.13	0.10	2.18	6.76	
2	19	1	1.36	0.39	0.04	1.42	7.18	
2	19	2	1.34	0.60	0.07	1.47	7.22	
2	19	3	1.55	0.30	0.06	1.58	6.99	
2	19	4	1.41	0.65	0.15	1.56	7.15	
2	19	5	1.66	0.00	0.00	1.66	6.88	
2	19	6	1.18	1.10	0.49	1.61	7.44	
2	20	0	2.15	1.20	0.13	2.46	6.50	
2	20	1	1.30	0.68	0.10	1.47	7.26	
2	20	2	1.37	0.51	0.11	1.46	7.18	
2	20	3	1.50	0.28	0.07	1.52	7.04	
2	20	4	1.54	0.23	0.07	1.56	6.99	
2	20	5	0.16	1.14	0.80	1.15	8.46	
2	20	6	1.66	0.00	0.00	1.66	6.88	
2	20	7	1.47	0.08	0.04	1.48	7.06	
2	21	0	1.97	1.32	0.18	2.37	6.70	
2	21	1	1.44	0.28	0.05	1.47	7.10	
2	21	2	1.34	0.56	0.14	1.45	7.22	
2	21	3	1.54	0.17	0.05	1.55	7.00	
2	21	4	1.57	0.33	0.12	1.60	6.97	
2	21	5	1.38	0.06	0.04	1.38	7.16	
2	21	7	1.66	0.00	0.00	1.66	6.88	
2	21	8	1.58	0.00	0.00	1.58	6.96	
2	22	0	2.02	1.08	0.22	2.29	6.60	
2	22	1	1.55	0.17	0.03	1.56	6.99	
2	22	2	1.56	0.16	0.05	1.57	6.98	
2	22	3	1.50	0.28	0.09	1.52	7.05	
2	22	4	1.63	0.19	0.07	1.64	6.91	
2	22	5	1.29	0.00	0.00	1.29	7.25	
2	22	9	1.58	0.00	0.00	1.58	6.96	
2	23	0	2.77	1.02	0.72	2.95	5.86	
2	23	1	1.47	0.19	0.10	1.49	7.07	
2	23	2	1.71	0.04	0.02	1.71	6.82	
2	23	3	1.53	0.22	0.11	1.55	7.00	
2	23	4	1.60	0.22	0.08	1.61	6.94	
2	23	6	1.29	0.00	0.00	1.29	7.25	
2	24	1	1.75	0.00	0.00	1.75	6.79	
2	24	2	1.22	0.00	0.00	1.22	7.32	
2	24	4	1.64	0.15	0.06	1.65	6.90	
2	24	5	1.23	0.06	0.05	1.23	7.31	
2	25	6	1.29	0.00	0.00	1.29	7.25	
3	0	1	4.35	2.15	0.03	4.85	4.70	
3	0	2	4.55	2.36	0.03	5.12	4.63	
3	0	3	4.34	2.19	0.03	4.86	4.73	
3	0	4	4.26	2.23	0.04	4.80	4.82	
3	0	5	3.85	1.89	0.06	4.29	5.05	
3	0	6	3.89	1.88	0.08	4.32	5.01	
3	0	7	3.80	2.63	0.20	4.62	5.42	
3	0	8	4.89	3.56	0.61	6.05	5.10	
3	0	9	3.99	0.10	0.06	3.99	4.54	
3	0	10	3.19	0.34	0.11	3.21	5.36	
3	1	0	5.12	2.97	0.05	5.91	4.53	
3	1	1	4.48	2.41	0.03	5.08	4.72	
3	1	2	4.28	2.28	0.03	4.85	4.83	
3	1	3	4.19	2.22	0.03	4.74	4.88	
3	1	4	3.98	2.03	0.04	4.46	4.99	
3	1	5	3.93	2.15	0.08	4.48	5.09	
3	1	6	3.83	2.81	0.16	4.75	5.48	
3	1	7	3.97	2.03	0.23	4.46	5.00	
3	1	8	4.85	4.75	1.32	6.79	6.01	
3	1	9	3.26	0.34	0.13	3.28	5.28	
3	1	10	2.88	0.00	0.00	2.88	5.66	
3	2	0	5.21	3.25	0.04	6.14	4.65	
3	2	1	4.16	2.29	0.03	4.75	4.94	
3	2	2	4.18	2.24	0.03	4.74	4.90	
3	2	3	3.91	2.05	0.03	4.42	5.06	
3	2	4	3.80	2.03	0.05	4.31	5.15	
3	2	5	3.87	2.81	0.11	4.78	5.45	
3	2	6	3.79	2.25	0.17	4.41	5.25	
3	2	7	4.01	2.97	0.45	4.98	5.41	
3	2	8	3.74	2.10	0.54	4.29	5.24	
3	2	9	2.69	0.19	0.13	2.70	5.84	
3	3	0	4.91	3.09	0.03	5.80	4.77	
3	3	1	3.96	2.17	0.02	4.52	5.06	
3	3	2	3.85	2.11	0.03	4.39	5.14	
3	3	3	3.78	2.16	0.04	4.36	5.22	
3	3	4	3.87	2.44	0.06	4.58	5.27	
3	3	5	3.70	2.05	0.09	4.23	5.26	
3	3	6	4.27	3.14	0.28	5.30	5.29	
3	3	7	4.73	2.96	0.56	5.58	4.82	
3	3	8	3.62	1.72	0.86	4.01	5.21	
3	3	9	10.67	0.00	0.00	10.67	2.13	
3	4	0	4.56	2.89	0.03	5.40	4.91	
3	4	1	3.72	2.10	0.02	4.27	5.25	
3	4	2	3.60	2.04	0.03	4.14	5.34	
3	4	3	3.66	2.15	0.04	4.24	5.33	
3	4	4	3.53	2.23	0.07	4.18	5.48	
3	4	5	3.89	2.71	0.14	4.74	5.37	
3	4	6	4.38	2.39	0.24	4.99	4.79	
3	4	7	5.77	4.56	0.78	7.35	5.33	
3	5	0	4.32	2.80	0.03	5.15	5.06	
3	5	1	3.36	1.89	0.02	3.86	5.51	
3	5	2	3.43	2.02	0.03	3.98	5.49	
3	5	3	3.40	2.06	0.05	3.98	5.53	
3	5	4	3.64	2.35	0.09	4.33	5.44	
3	5	5	2.98	1.68	0.11	3.42	5.80	
3	5	6	4.48	3.26	0.30	5.54	5.21	
3	5	7	6.45	2.41	0.60	6.88	3.19	
3	5	8	9.83	1.60	0.92	9.96	2.06	
3	6	0	3.96	2.60	0.03	4.73	5.26	
3	6	1	3.14	1.82	0.02	3.63	5.69	
3	6	2	3.28	2.10	0.03	3.90	5.66	
3	6	3	3.26	2.06	0.05	3.86	5.66	
3	6	4	3.18	1.88	0.08	3.69	5.68	
3	6	5	3.64	2.54	0.16	4.44	5.51	
3	6	6	3.76	2.94	0.41	4.77	5.61	
3	6	7	7.17	4.37	0.71	8.40	4.58	
3	6	8	5.78	0.60	0.42	5.81	2.82	
3	6	9	6.38	1.19	0.49	6.49	2.47	
3	7	0	3.71	2.60	0.03	4.53	5.49	
3	7	1	2.97	1.82	0.03	3.48	5.86	
3	7	2	2.95	2.02	0.04	3.58	5.94	
3	7	3	3.09	2.12	0.06	3.75	5.85	
3	7	4	3.12	1.94	0.09	3.68	5.75	
3	7	5	3.55	2.25	0.19	4.21	5.47	
3	7	6	4.80	3.32	0.44	5.84	5.00	
3	7	7	4.52	3.24	0.61	5.56	5.16	
3	7	8	8.53	3.57	1.79	9.25	3.57	
3	8	0	3.51	2.63	0.03	4.38	5.67	
3	8	1	2.68	1.74	0.03	3.19	6.11	
3	8	2	2.76	1.80	0.04	3.29	6.05	
3	8	3	2.87	1.76	0.06	3.36	5.93	
3	8	4	2.78	1.97	0.11	3.41	6.08	
3	8	5	3.83	2.85	0.24	4.78	5.50	
3	8	6	3.73	3.11	0.43	4.86	5.73	
3	8	7	6.57	3.31	1.35	7.36	3.85	
3	8	8	4.12	1.43	1.01	4.36	4.64	
3	8	9	9.15	2.58	1.29	9.51	2.65	
3	9	0	3.27	2.53	0.04	4.13	5.84	
3	9	1	2.42	1.62	0.03	2.91	6.33	
3	9	2	2.46	1.67	0.04	2.97	6.30	
3	9	3	2.59	1.58	0.06	3.03	6.15	
3	9	4	2.49	1.60	0.10	2.96	6.26	
3	9	5	2.54	1.84	0.18	3.13	6.28	
3	9	6	3.78	2.79	0.46	4.70	5.51	
3	9	7	3.64	2.62	0.79	4.48	5.55	
3	9	8	7.53	3.43	1.98	8.28	3.58	
3	9	10	8.08	2.05	1.18	8.33	2.10	
3	10	0	3.08	2.29	0.04	3.84	5.91	
3	10	1	2.18	1.45	0.03	2.62	6.52	
3	10	2	2.20	1.43	0.04	2.62	6.49	
3	10	3	2.34	1.75	0.07	2.92	6.44	
3	10	4	2.15	1.30	0.09	2.51	6.51	
3	10	5	2.43	2.00	0.21	3.15	6.42	
3	10	6	3.51	2.97	0.68	4.60	5.84	
3	10	7	5.67	1.94	0.69	5.99	3.46	
3	10	8	4.23	2.04	1.02	4.70	4.76	
3	10	9	8.71	3.69	2.61	9.45	3.69	
3	11	0	3.03	2.38	0.05	3.85	6.00	
3	11	1	1.98	1.32	0.03	2.38	6.69	
3	11	2	2.13	1.57	0.05	2.64	6.59	
3	11	3	2.18	1.69	0.08	2.76	6.58	
3	11	4	2.23	1.77	0.14	2.84	6.55	
3	11	5	2.30	1.85	0.25	2.95	6.50	
3	11	6	3.32	2.51	0.39	4.17	5.79	
3	11	7	4.83	3.39	1.69	5.90	5.02	
3	11	8	1.22	0.00	0.00	1.22	7.32	
3	11	9	2.27	0.43	0.30	2.30	6.29	
3	11	10	5.02	0.00	0.00	5.02	3.52	
3	12	0	2.93	2.09	0.05	3.60	5.99	
3	12	1	1.92	1.27	0.03	2.30	6.74	
3	12	2	1.94	1.37	0.05	2.38	6.73	
3	12	3	1.92	1.52	0.08	2.45	6.79	
3	12	4	1.94	1.23	0.13	2.29	6.71	
3	12	5	1.94	1.38	0.16	2.38	6.74	
3	12	6	2.25	1.95	0.37	2.98	6.58	
3	12	7	3.21	2.18	0.48	3.88	5.75	
3	12	8	4.34	2.50	1.77	5.01	4.88	
3	12	10	1.84	0.00	0.00	1.84	6.70	
3	13	0	2.85	2.21	0.06	3.61	6.10	
3	13	1	1.67	1.07	0.03	1.98	6.95	
3	13	2	1.61	1.21	0.05	2.02	7.03	
3	13	3	1.56	1.09	0.08	1.90	7.06	
3	13	4	1.77	1.03	0.09	2.05	6.84	
3	13	5	1.56	0.52	0.09	1.64	7.00	
3	13	6	2.78	2.21	0.46	3.55	6.17	
3	13	7	2.91	1.33	0.94	3.19	5.78	
3	13	9	1.84	0.00	0.00	1.84	6.70	
3	14	0	2.67	1.93	0.06	3.29	6.18	
3	14	1	1.63	1.16	0.05	2.00	7.00	
3	14	2	1.42	0.99	0.06	1.73	7.18	
3	14	3	1.69	0.82	0.06	1.88	6.90	
3	14	4	1.54	0.59	0.07	1.65	7.02	
3	14	5	1.50	0.38	0.06	1.55	7.05	
3	14	6	2.18	1.91	0.43	2.90	6.63	
3	14	7	2.16	1.69	0.51	2.74	6.59	
3	15	0	2.62	2.05	0.09	3.33	6.27	
3	15	1	1.35	0.84	0.04	1.60	7.23	
3	15	2	1.48	0.76	0.05	1.66	7.10	
3	15	3	1.51	0.57	0.06	1.61	7.05	
3	15	4	1.58	0.35	0.06	1.62	6.97	
3	15	5	1.76	0.89	0.18	1.97	6.84	
3	15	6	1.52	0.21	0.06	1.53	7.02	
3	15	7	1.43	0.10	0.06	1.43	7.11	
3	16	0	2.29	1.87	0.11	2.95	6.52	
3	16	1	1.41	0.66	0.04	1.56	7.16	
3	16	2	1.50	0.57	0.05	1.61	7.06	
3	16	3	1.54	0.76	0.11	1.72	7.04	
3	16	4	1.48	0.17	0.02	1.49	7.05	
3	16	5	1.65	0.29	0.08	1.67	6.89	
3	16	6	1.81	0.12	0.05	1.82	6.72	
3	16	7	1.38	0.06	0.04	1.38	7.16	
3	17	0	2.48	1.50	0.12	2.90	6.23	
3	17	1	1.43	0.62	0.06	1.56	7.13	
3	17	2	1.47	0.49	0.07	1.55	7.08	
3	17	3	1.41	0.25	0.05	1.43	7.14	
3	17	4	1.53	0.21	0.04	1.54	7.01	
3	17	5	1.57	0.12	0.04	1.57	6.97	
3	17	6	1.79	0.30	0.08	1.81	6.76	
3	18	0	2.76	1.86	0.21	3.33	6.07	
3	18	1	1.42	0.59	0.09	1.54	7.14	
3	18	2	1.31	0.37	0.07	1.36	7.23	
3	18	3	1.57	0.33	0.07	1.61	6.97	
3	18	4	1.54	0.18	0.05	1.55	7.00	
3	18	5	1.57	0.26	0.11	1.59	6.97	
3	18	6	1.59	0.21	0.10	1.61	6.95	
3	18	7	1.58	0.00	0.00	1.58	6.96	
3	19	0	2.85	1.97	0.45	3.47	6.02	
3	19	1	1.21	0.42	0.09	1.28	7.34	
3	19	2	1.38	0.30	0.06	1.41	7.16	
3	19	3	1.61	0.22	0.07	1.63	6.93	
3	19	4	1.68	0.27	0.08	1.71	6.86	
3	20	0	2.25	0.95	0.19	2.44	6.36	
3	20	1	0.87	0.21	0.10	0.90	7.67	
3	20	2	1.15	0.91	0.53	1.47	7.44	
3	20	3	1.64	0.07	0.04	1.64	6.89	
3	20	4	1.66	0.00	0.00	1.66	6.88	
3	20	5	1.75	0.00	0.00	1.75	6.79	
3	21	0	1.59	0.85	0.35	1.80	7.00	
3	21	1	1.29	0.00	0.00	1.29	7.25	
3	21	2	-0.14	0.00	0.00	0.14	8.68	
3	21	3	1.79	0.05	0.03	1.80	6.74	
3	21	4	1.71	0.04	0.02	1.71	6.83	
3	21	6	1.75	0.00	0.00	1.75	6.79	
3	22	1	-0.14	0.00	0.00	0.14	8.68	
3	22	4	1.79	0.05	0.02	1.80	6.74	
3	22	7	1.75	0.00	0.00	1.75	6.79	
3	23	0	0.34	0.67	0.39	0.75	8.23	
4	0	1	5.61	2.97	0.03	6.35	4.17	
4	0	2	5.96	3.21	0.03	6.77	4.11	
4	0	3	5.61	3.02	0.03	6.37	4.21	
4	0	4	5.54	3.20	0.05	6.40	4.39	
4	0	5	5.03	3.00	0.06	5.86	4.61	
4	0	6	4.71	2.45	0.08	5.31	4.54	
4	0	7	4.73	3.35	0.20	5.79	5.07	
4	0	8	5.82	4.56	0.55	7.39	5.31	
4	0	9	5.05	4.12	0.90	6.52	5.40	
4	0	10	5.68	5.45	1.93	7.87	6.15	
4	0	11	14.71	1.21	0.70	14.76	6.29	
4	1	0	6.67	3.94	0.05	7.75	4.36	
4	1	1	5.83	3.19	0.03	6.64	4.18	
4	1	2	5.51	3.01	0.03	6.27	4.27	
4	1	3	5.50	3.08	0.04	6.30	4.32	
4	1	4	5.13	3.04	0.05	5.96	4.57	
4	1	5	5.02	3.13	0.08	5.92	4.71	
4	1	6	5.05	3.70	0.15	6.26	5.08	
4	1	7	4.94	3.53	0.27	6.07	5.04	
4	1	8	6.51	5.21	0.80	8.34	5.59	
4	1	9	4.79	4.15	1.07	6.34	5.59	
4	1	10	3.62	0.00	0.00	3.62	4.92	
4	1	12	14.71	1.21	0.70	14.76	6.29	
4	2	0	6.62	4.02	0.04	7.75	4.45	
4	2	1	5.47	3.05	0.03	6.26	4.32	
4	2	2	5.49	3.12	0.03	6.32	4.36	
4	2	3	5.07	2.96	0.04	5.87	4.56	
4	2	4	5.05	3.11	0.06	5.93	4.67	
4	2	5	5.45	3.90	0.11	6.70	4.97	
4	2	6	5.64	4.23	0.21	7.05	5.12	
4	2	7	6.17	4.73	0.48	7.78	5.29	
4	2	8	5.61	5.25	1.05	7.68	6.02	
4	2	9	11.65	8.02	5.67	14.14	8.61	
4	2	11	14.71	1.21	0.70	14.76	6.29	
4	3	0	6.26	3.81	0.03	7.33	4.44	
4	3	1	5.24	2.98	0.03	6.03	4.44	
4	3	2	5.00	2.93	0.03	5.80	4.59	
4	3	3	5.03	3.05	0.04	5.88	4.64	
4	3	4	5.24	3.35	0.07	6.22	4.70	
4	3	5	5.11	3.55	0.13	6.23	4.93	
4	3	6	6.01	4.73	0.29	7.65	5.36	
4	3	7	6.33	5.03	0.60	8.09	5.49	
4	3	8	5.88	3.21	0.89	6.70	4.17	
4	3	9	18.38	0.00	0.00	18.38	9.84	
4	3	10	16.69	2.60	1.16	16.90	8.56	
4	4	0	5.99	3.74	0.03	7.07	4.53	
4	4	1	4.73	2.70	0.02	5.45	4.67	
4	4	2	4.79	2.83	0.03	5.57	4.69	
4	4	3	4.95	3.10	0.05	5.84	4.74	
4	4	4	4.93	3.13	0.08	5.84	4.77	
4	4	5	5.57	3.91	0.14	6.81	4.91	
4	4	6	6.84	4.47	0.31	8.18	4.78	
4	4	7	6.06	4.61	0.56	7.61	5.24	
4	4	8	10.17	5.04	1.91	11.35	5.30	
4	4	9	12.28	3.03	1.24	12.65	4.82	
4	5	0	5.48	3.56	0.03	6.53	4.70	
4	5	1	4.42	2.54	0.03	5.10	4.83	
4	5	2	4.58	2.77	0.03	5.35	4.83	
4	5	3	4.79	2.96	0.05	5.63	4.77	
4	5	4	4.97	3.32	0.09	5.97	4.87	
4	5	5	4.67	3.11	0.15	5.61	4.96	
4	5	6	6.01	4.25	0.30	7.36	4.94	
4	5	7	8.67	4.04	0.57	9.57	4.04	
4	5	8	8.47	4.23	0.97	9.47	4.23	
4	5	10	15.28	0.00	0.00	15.28	6.74	
4	6	0	4.97	3.33	0.03	5.98	4.88	
4	6	1	4.10	2.38	0.02	4.74	5.04	
4	6	2	4.42	2.71	0.04	5.19	4.93	
4	6	3	4.47	2.81	0.06	5.28	4.94	
4	6	4	4.73	3.20	0.11	5.71	4.97	
4	6	5	5.24	3.77	0.19	6.46	5.01	
4	6	6	5.55	3.80	0.42	6.73	4.83	
4	6	7	9.85	3.30	0.39	10.38	3.55	
4	6	8	7.92	4.12	1.37	8.93	4.16	
4	6	9	6.79	4.64	2.32	8.23	4.96	
4	7	0	4.75	3.34	0.03	5.81	5.05	
4	7	1	3.84	2.30	0.03	4.47	5.23	
4	7	2	4.01	2.54	0.04	4.75	5.19	
4	7	3	4.28	2.86	0.07	5.15	5.13	
4	7	4	3.99	2.69	0.11	4.81	5.28	
4	7	5	5.50	3.36	0.19	6.44	4.53	
4	7	6	6.72	4.23	0.39	7.94	4.60	
4	7	7	6.84	4.90	0.71	8.41	5.18	
4	7	8	9.45	3.00	1.00	9.92	3.14	
4	7	9	7.42	1.38	0.36	7.55	1.78	
4	7	10	1.84	0.00	0.00	1.84	6.70	
4	8	0	4.53	3.37	0.04	5.65	5.23	
4	8	1	3.53	2.16	0.03	4.14	5.45	
4	8	2	3.55	2.45	0.05	4.31	5.55	
4	8	3	3.80	2.64	0.08	4.63	5.42	
4	8	4	4.53	2.84	0.15	5.35	4.91	
4	8	5	5.22	3.42	0.26	6.24	4.76	
4	8	6	5.74	3.21	0.30	6.58	4.25	
4	8	7	7.86	3.55	0.52	8.63	3.62	
4	8	8	7.60	3.74	1.08	8.47	3.86	
4	8	9	8.52	2.85	1.08	8.98	2.85	
4	8	10	7.16	1.17	0.44	7.26	1.81	
4	9	0	4.28	3.11	0.05	5.29	5.27	
4	9	1	3.15	2.10	0.04	3.79	5.78	
4	9	2	3.29	2.27	0.05	4.00	5.72	
4	9	3	3.21	2.28	0.09	3.94	5.80	
4	9	4	4.24	3.17	0.20	5.29	5.34	
4	9	5	4.47	3.08	0.28	5.43	5.10	
4	9	6	5.88	3.10	0.34	6.65	4.08	
4	9	7	6.49	3.12	0.44	7.20	3.73	
4	9	8	8.42	3.73	1.18	9.21	3.73	
4	9	9	3.25	1.98	1.15	3.80	5.65	
4	9	10	7.34	4.26	1.61	8.49	4.43	
4	9	11	10.49	0.00	0.00	10.49	1.95	
4	10	0	4.01	3.00	0.05	5.01	5.43	
4	10	1	2.88	1.98	0.04	3.49	5.99	
4	10	2	2.91	2.15	0.06	3.62	6.03	
4	10	3	3.42	2.49	0.11	4.24	5.69	
4	10	4	2.56	1.90	0.13	3.18	6.27	
4	10	5	3.66	4.52	0.61	5.82	6.65	
4	10	6	5.90	3.52	0.63	6.87	4.40	
4	10	7	7.23	3.29	0.66	7.94	3.54	
4	10	8	6.89	2.86	0.57	7.46	3.30	
4	10	9	7.79	3.92	1.31	8.72	4.00	
4	10	10	2.69	1.68	0.75	3.17	6.09	
4	10	11	11.63	0.00	0.00	11.63	3.09	
4	11	0	3.82	2.90	0.06	4.80	5.54	
4	11	1	2.58	1.67	0.04	3.07	6.19	
4	11	2	2.77	2.01	0.07	3.42	6.11	
4	11	3	2.70	2.03	0.10	3.38	6.18	
4	11	4	3.03	2.33	0.23	3.82	5.98	
4	11	5	3.11	1.98	0.30	3.69	5.78	
4	11	6	5.32	3.29	0.78	6.25	4.60	
4	11	7	6.38	2.31	0.41	6.78	3.16	
4	11	8	8.17	2.77	1.13	8.63	2.79	
4	11	9	6.75	3.04	1.07	7.41	3.52	
4	11	10	7.98	4.28	3.03	9.06	4.32	
4	12	0	3.64	2.64	0.07	4.50	5.57	
4	12	1	2.29	1.53	0.05	2.75	6.43	
4	12	2	2.53	1.77	0.08	3.09	6.26	
4	12	3	2.44	1.86	0.12	3.07	6.37	
4	12	4	2.50	2.46	0.25	3.51	6.52	
4	12	5	2.80	2.06	0.30	3.48	6.09	
4	12	6	4.39	2.54	0.53	5.07	4.86	
4	12	7	5.93	3.35	0.97	6.81	4.24	
4	12	8	5.20	2.28	0.76	5.67	4.04	
4	12	9	9.60	0.00	0.00	9.60	1.06	
4	12	10	2.91	2.30	1.03	3.70	6.08	
4	13	0	3.62	2.86	0.10	4.62	5.69	
4	13	1	1.98	1.21	0.05	2.32	6.66	
4	13	2	2.36	1.58	0.09	2.84	6.38	
4	13	3	2.30	1.72	0.15	2.88	6.46	
4	13	4	1.92	1.19	0.11	2.26	6.72	
4	13	5	2.08	1.23	0.32	2.41	6.57	
4	13	6	3.56	2.27	0.43	4.22	5.47	
4	13	7	1.51	0.13	0.06	1.51	7.03	
4	13	8	7.69	0.00	0.00	7.69	0.85	
4	13	9	6.83	0.41	0.29	6.84	1.75	
4	14	0	3.00	2.06	0.09	3.63	5.91	
4	14	1	2.20	1.56	0.09	2.70	6.52	
4	14	2	1.84	1.33	0.10	2.27	6.83	
4	14	3	1.91	1.22	0.12	2.27	6.74	
4	14	4	2.31	1.62	0.33	2.83	6.43	
4	14	5	2.43	1.61	0.29	2.91	6.32	
4	14	6	5.25	3.21	0.74	6.15	4.59	
4	14	7	2.36	1.53	0.44	2.82	6.36	
4	15	0	3.73	2.91	0.19	4.73	5.62	
4	15	1	1.72	0.89	0.08	1.94	6.87	
4	15	2	1.93	1.13	0.12	2.23	6.71	
4	15	3	1.66	0.65	0.08	1.78	6.91	
4	15	4	2.02	1.42	0.28	2.47	6.67	
4	15	5	2.28	1.93	0.73	2.99	6.55	
4	15	6	1.88	0.96	0.23	2.11	6.72	
4	15	7	1.75	0.00	0.00	1.75	6.79	
4	16	0	3.22	2.46	0.29	4.05	5.86	
4	16	1	1.53	1.21	0.13	1.95	7.11	
4	16	2	1.70	0.57	0.11	1.79	6.86	
4	16	3	1.48	0.34	0.09	1.52	7.06	
4	16	4	1.62	0.75	0.11	1.79	6.95	
4	16	6	1.58	0.00	0.00	1.58	6.96	
4	16	7	1.29	0.00	0.00	1.29	7.25	
4	17	0	3.59	2.14	0.31	4.18	5.39	
4	17	1	1.72	0.65	0.13	1.84	6.85	
4	17	2	1.13	1.08	0.31	1.56	7.48	
4	17	3	1.69	0.32	0.10	1.72	6.85	
4	17	4	1.48	0.18	0.09	1.49	7.06	
4	17	5	1.72	0.25	0.11	1.73	6.82	
4	18	0	4.65	2.47	0.71	5.27	4.61	
4	18	1	1.24	1.19	0.37	1.71	7.40	
4	18	2	1.58	0.00	0.00	1.58	6.96	
4	18	3	1.57	0.30	0.13	1.60	6.97	
4	18	4	1.91	0.48	0.24	1.97	6.65	
4	19	0	3.88	0.20	0.14	3.89	4.66	
4	19	2	1.69	0.04	0.02	1.69	6.85	
4	19	4	2.04	0.00	0.00	2.04	6.50	
4	19	5	1.48	0.14	0.08	1.49	7.05	
4	20	0	1.73	0.00	0.00	1.73	6.81	
4	20	3	1.75	0.00	0.00	1.75	6.79	
4	21	0	2.05	0.00	0.00	2.05	6.49	
4	21	4	1.75	0.00	0.00	1.75	6.79	
5	0	1	7.29	3.79	0.04	8.22	3.99	
5	0	2	7.70	3.99	0.03	8.67	4.08	
5	0	3	7.33	3.96	0.04	8.33	4.14	
5	0	4	7.24	4.18	0.05	8.36	4.38	
5	0	5	7.05	4.61	0.08	8.42	4.85	
5	0	6	6.42	4.17	0.12	7.66	4.68	
5	0	7	6.88	5.09	0.23	8.55	5.35	
5	0	8	11.00	7.26	0.61	13.18	7.66	
5	0	9	7.86	6.09	1.04	9.94	6.12	
5	0	10	4.34	2.72	0.70	5.13	5.00	
5	0	11	9.54	3.70	0.99	10.23	3.83	
5	0	13	18.72	0.00	0.00	18.72	10.18	
5	1	0	8.48	4.77	0.05	9.73	4.77	
5	1	1	7.55	3.89	0.04	8.49	4.01	
5	1	2	7.22	3.90	0.03	8.20	4.11	
5	1	3	7.28	4.09	0.04	8.35	4.28	
5	1	4	7.07	4.37	0.06	8.32	4.61	
5	1	5	6.92	4.50	0.10	8.26	4.78	
5	1	6	7.49	5.40	0.19	9.24	5.50	
5	1	7	8.07	6.10	0.38	10.12	6.12	
5	1	8	8.66	5.52	0.58	10.27	5.53	
5	1	9	10.78	8.14	1.49	13.51	8.45	
5	1	10	11.24	7.42	2.14	13.47	7.90	
5	1	11	7.85	0.00	0.00	7.85	0.69	
5	1	12	16.83	2.21	1.10	16.97	8.58	
5	2	0	8.54	4.86	0.04	9.82	4.86	
5	2	1	7.17	3.78	0.03	8.10	4.02	
5	2	2	7.13	3.81	0.03	8.09	4.06	
5	2	3	6.92	4.12	0.04	8.06	4.43	
5	2	4	7.09	4.45	0.07	8.37	4.68	
5	2	5	7.67	5.29	0.13	9.32	5.36	
5	2	6	8.90	5.88	0.25	10.66	5.89	
5	2	7	7.98	4.79	0.37	9.31	4.82	
5	2	8	9.37	6.74	0.88	11.54	6.79	
5	2	9	9.71	7.16	1.56	12.06	7.25	
5	2	10	18.21	4.69	1.91	18.81	10.76	
5	2	11	16.59	2.50	1.44	16.78	8.44	
5	2	13	17.54	0.00	0.00	17.54	9.00	
5	3	0	8.11	4.71	0.04	9.38	4.73	
5	3	1	6.71	3.56	0.03	7.60	4.00	
5	3	2	6.78	3.87	0.04	7.81	4.25	
5	3	3	6.70	3.83	0.05	7.72	4.24	
5	3	4	7.33	4.50	0.08	8.61	4.66	
5	3	5	7.85	4.90	0.14	9.26	4.95	
5	3	6	8.58	5.62	0.28	10.26	5.62	
5	3	7	9.11	6.09	0.52	10.96	6.12	
5	3	8	9.20	5.09	0.79	10.51	5.13	
5	3	9	16.84	4.30	1.11	17.38	9.35	
5	3	10	14.81	5.32	2.38	15.74	8.22	
5	3	11	20.80	0.45	0.32	20.80	12.27	
5	3	12	17.54	0.00	0.00	17.54	9.00	
5	4	0	7.61	4.57	0.04	8.87	4.66	
5	4	1	6.22	3.38	0.03	7.08	4.10	
5	4	2	6.30	3.52	0.04	7.22	4.17	
5	4	3	6.82	4.04	0.06	7.93	4.38	
5	4	4	6.70	3.96	0.09	7.78	4.36	
5	4	5	8.02	4.88	0.16	9.39	4.91	
5	4	6	9.60	5.17	0.25	10.90	5.28	
5	4	7	8.11	4.94	0.40	9.49	4.96	
5	4	8	10.83	5.09	0.94	11.97	5.58	
5	4	9	12.16	3.90	1.23	12.77	5.32	
5	4	10	15.57	7.40	4.27	17.24	10.21	
5	4	11	17.54	0.00	0.00	17.54	9.00	
5	5	0	7.07	4.39	0.03	8.32	4.62	
5	5	1	5.65	3.08	0.03	6.44	4.22	
5	5	2	6.14	3.58	0.04	7.11	4.31	
5	5	3	6.54	3.70	0.06	7.52	4.20	
5	5	4	7.35	4.43	0.11	8.58	4.59	
5	5	5	6.55	4.07	0.18	7.71	4.53	
5	5	6	8.87	4.64	0.23	10.01	4.65	
5	5	7	10.73	3.97	0.32	11.44	4.53	
5	5	8	10.54	3.57	0.55	11.12	4.09	
5	5	9	10.08	4.97	3.51	11.24	5.20	
5	5	10	17.54	0.00	0.00	17.54	9.00	
5	6	0	6.47	4.04	0.04	7.63	4.54	
5	6	1	5.36	2.98	0.03	6.13	4.36	
5	6	2	5.82	3.34	0.05	6.71	4.30	
5	6	3	6.09	3.69	0.08	7.12	4.42	
5	6	4	6.63	4.05	0.12	7.77	4.48	
5	6	5	7.36	4.39	0.18	8.57	4.55	
5	6	6	6.78	4.61	0.41	8.20	4.93	
5	6	7	9.84	3.13	0.20	10.33	3.40	
5	6	8	12.35	3.69	0.57	12.89	5.31	
5	6	9	11.12	3.87	1.37	11.78	4.65	
5	7	0	6.27	4.09	0.04	7.48	4.68	
5	7	1	5.00	2.87	0.04	5.77	4.55	
5	7	2	5.40	3.29	0.06	6.32	4.55	
5	7	3	5.66	3.38	0.09	6.59	4.43	
5	7	4	5.65	3.69	0.14	6.75	4.68	
5	7	5	6.97	3.76	0.20	7.92	4.07	
5	7	6	9.11	3.95	0.23	9.93	3.99	
5	7	7	8.70	5.38	0.61	10.23	5.39	
5	7	8	10.49	3.32	0.54	11.00	3.85	
5	7	9	11.01	2.29	0.38	11.24	3.37	
5	8	0	6.16	4.07	0.05	7.38	4.71	
5	8	1	4.63	2.68	0.04	5.35	4.74	
5	8	2	4.90	3.03	0.07	5.76	4.73	
5	8	3	5.34	3.24	0.11	6.24	4.55	
5	8	4	5.29	3.53	0.20	6.36	4.80	
5	8	5	6.77	4.08	0.23	7.91	4.44	
5	8	6	7.83	3.77	0.31	8.69	3.84	
5	8	7	9.14	3.58	0.36	9.82	3.63	
5	8	8	10.83	3.44	0.77	11.36	4.13	
5	8	9	11.02	3.75	0.94	11.64	4.50	
5	8	10	10.77	2.14	0.57	10.97	3.09	
5	9	0	5.64	3.88	0.07	6.85	4.84	
5	9	1	4.29	2.56	0.05	4.99	4.96	
5	9	2	4.67	2.97	0.08	5.54	4.87	
5	9	3	4.80	3.10	0.12	5.72	4.85	
5	9	4	4.77	3.29	0.21	5.79	5.00	
5	9	5	5.58	3.08	0.32	6.38	4.27	
5	9	6	7.99	4.03	0.35	8.95	4.07	
5	9	7	9.62	3.53	0.42	10.25	3.69	
5	9	8	9.62	2.89	0.49	10.04	3.09	
5	9	9	13.99	0.00	0.00	13.99	5.45	
5	9	10	10.01	3.28	0.88	10.54	3.60	
5	9	11	10.65	2.72	1.57	11.00	3.45	
5	10	0	5.32	3.65	0.08	6.45	4.86	
5	10	1	3.69	2.38	0.06	4.39	5.40	
5	10	2	3.83	2.47	0.08	4.56	5.32	
5	10	3	4.48	3.16	0.15	5.48	5.14	
5	10	4	4.56	3.40	0.25	5.68	5.23	
5	10	5	5.32	4.55	0.49	7.00	5.57	
5	10	6	4.32	2.93	0.45	5.22	5.13	
5	10	7	7.06	3.67	0.51	7.95	3.96	
5	10	8	9.54	3.77	0.60	10.26	3.91	
5	10	9	10.12	3.07	0.65	10.57	3.45	
5	10	10	13.99	0.00	0.00	13.99	5.45	
5	10	11	11.77	1.13	0.80	11.82	3.42	
5	11	0	5.29	3.69	0.10	6.45	4.91	
5	11	1	3.22	1.89	0.06	3.73	5.65	
5	11	2	3.67	2.78	0.13	4.61	5.60	
5	11	3	3.46	2.78	0.19	4.44	5.79	
5	11	4	3.75	2.99	0.30	4.80	5.64	
5	11	5	4.37	2.59	0.43	5.08	4.91	
5	11	6	4.95	4.37	1.03	6.61	5.65	
5	11	7	7.27	3.01	0.50	7.87	3.27	
5	11	8	6.90	3.46	0.79	7.72	3.83	
5	11	9	9.99	3.38	0.94	10.55	3.68	
5	11	10	5.98	0.00	0.00	5.98	2.56	
5	12	0	4.71	3.14	0.11	5.66	4.94	
5	12	1	2.99	2.15	0.09	3.68	5.95	
5	12	2	2.93	2.26	0.13	3.70	6.05	
5	12	3	2.86	2.60	0.21	3.86	6.24	
5	12	4	2.92	2.26	0.33	3.69	6.05	
5	12	5	3.31	2.13	0.39	3.94	5.64	
5	12	6	2.39	1.72	0.48	2.94	6.39	
5	12	7	6.89	2.71	0.70	7.41	3.17	
5	12	8	7.89	3.21	0.97	8.52	3.28	
5	12	9	9.09	0.49	0.28	9.10	0.73	
5	13	0	4.49	3.70	0.18	5.82	5.49	
5	13	1	2.30	1.69	0.10	2.85	6.46	
5	13	2	2.78	2.16	0.16	3.52	6.15	
5	13	3	2.62	2.44	0.28	3.58	6.40	
5	13	4	2.70	2.11	0.26	3.43	6.20	
5	13	5	2.99	1.39	0.39	3.30	5.71	
5	13	6	3.18	2.93	0.93	4.32	6.11	
5	13	7	1.75	0.00	0.00	1.75	6.79	
5	13	8	6.83	0.28	0.16	6.84	1.73	
5	13	9	5.33	1.48	0.85	5.53	3.53	
5	14	0	3.93	2.99	0.19	4.94	5.49	
5	14	1	2.76	1.99	0.14	3.40	6.11	
5	14	2	2.56	2.03	0.23	3.27	6.31	
5	14	3	2.02	1.56	0.19	2.55	6.70	
5	14	4	1.88	0.52	0.10	1.95	6.67	
5	14	5	1.69	0.15	0.05	1.70	6.85	
5	14	6	8.24	2.09	1.05	8.50	2.11	
5	14	7	1.50	0.00	0.00	1.50	7.04	
5	15	0	5.08	3.80	0.32	6.34	5.13	
5	15	1	1.79	0.95	0.15	2.03	6.81	
5	15	2	2.98	1.67	0.22	3.42	5.81	
5	15	3	2.49	1.80	0.35	3.08	6.30	
5	15	4	2.48	2.22	0.64	3.33	6.45	
5	16	0	5.52	2.49	0.54	6.06	3.91	
5	16	1	3.05	1.99	0.30	3.64	5.83	
5	16	2	2.03	0.82	0.29	2.19	6.56	
5	16	3	1.75	0.00	0.00	1.75	6.79	
5	16	4	2.42	1.87	0.40	3.05	6.40	
5	16	5	1.61	0.32	0.16	1.64	6.93	
5	17	0	4.36	2.36	0.71	4.96	4.79	
5	17	1	2.87	1.26	0.42	3.13	5.81	
5	17	2	1.75	0.00	0.00	1.75	6.79	
5	17	3	2.04	0.00	0.00	2.04	6.50	
5	17	4	6.27	0.00	0.00	6.27	2.27	
5	17	5	1.50	0.00	0.00	1.50	7.04	
5	17	6	2.15	0.00	0.00	2.15	6.39	
5	18	0	5.75	2.46	0.82	6.25	3.71	
5	18	3	6.27	0.00	0.00	6.27	2.27	
5	18	4	2.04	0.00	0.00	2.04	6.50	
5	19	0	13.25	0.00	0.00	13.25	4.71	
5	19	2	6.27	0.00	0.00	6.27	2.27	
5	20	1	6.27	0.00	0.00	6.27	2.27	
5	21	0	6.27	0.00	0.00	6.27	2.27	
6	0	1	9.34	4.48	0.04	10.36	4.55	
6	0	2	9.84	4.72	0.04	10.91	4.90	
6	0	3	9.59	4.86	0.04	10.75	4.98	
6	0	4	9.59	5.29	0.06	10.95	5.40	
6	0	5	9.53	5.84	0.10	11.18	5.93	
6	0	6	9.45	6.03	0.16	11.21	6.10	
6	0	7	10.52	7.00	0.29	12.64	7.27	
6	0	8	14.10	7.42	0.49	15.93	9.27	
6	0	9	12.99	7.30	0.89	14.90	8.55	
6	0	10	12.18	7.93	1.65	14.53	8.73	
6	0	11	11.18	6.32	1.91	12.84	6.85	
6	0	12	11.40	2.96	1.71	11.77	4.12	
6	0	13	17.82	1.52	0.76	17.88	9.40	
6	1	0	10.90	5.52	0.06	12.21	6.00	
6	1	1	9.67	4.55	0.04	10.69	4.69	
6	1	2	9.34	4.62	0.04	10.42	4.69	
6	1	3	9.50	4.98	0.05	10.72	5.07	
6	1	4	9.65	5.55	0.07	11.13	5.66	
6	1	5	9.73	5.81	0.12	11.34	5.93	
6	1	6	11.26	6.91	0.21	13.20	7.42	
6	1	7	12.33	7.45	0.39	14.40	8.36	
6	1	8	14.57	7.26	0.58	16.28	9.44	
6	1	9	16.55	7.71	1.06	18.26	11.13	
6	1	10	11.96	7.84	1.90	14.30	8.55	
6	1	11	19.45	5.99	2.12	20.35	12.45	
6	1	12	15.63	2.77	0.98	15.87	7.61	
6	2	0	10.86	5.60	0.05	12.22	6.06	
6	2	1	9.14	4.35	0.03	10.12	4.39	
6	2	2	9.12	4.48	0.04	10.16	4.51	
6	2	3	9.27	5.12	0.05	10.59	5.17	
6	2	4	9.78	5.50	0.08	11.22	5.64	
6	2	5	10.96	6.27	0.14	12.63	6.72	
6	2	6	12.99	6.78	0.24	14.65	8.11	
6	2	7	13.47	6.58	0.37	14.99	8.22	
6	2	8	14.88	7.70	0.79	16.76	9.98	
6	2	9	12.27	8.01	1.19	14.65	8.84	
6	2	10	19.47	6.25	1.47	20.45	12.59	
6	2	11	13.78	5.66	1.79	14.90	7.72	
6	2	12	19.97	2.27	1.14	20.10	11.66	
6	3	0	10.32	5.37	0.04	11.63	5.66	
6	3	1	8.69	4.18	0.03	9.64	4.19	
6	3	2	8.81	4.61	0.04	9.95	4.62	
6	3	3	8.85	4.64	0.06	9.99	4.65	
6	3	4	10.05	5.25	0.09	11.34	5.46	
6	3	5	11.45	5.79	0.15	12.83	6.48	
6	3	6	11.73	6.06	0.27	13.20	6.85	
6	3	7	15.01	6.35	0.41	16.29	9.06	
6	3	8	9.94	6.83	0.85	12.07	6.98	
6	3	9	15.84	6.37	1.39	17.07	9.69	
6	3	10	14.25	7.45	1.55	16.08	9.39	
6	3	11	19.62	6.73	2.38	20.74	12.97	
6	3	13	21.03	0.00	0.00	21.03	12.49	
6	4	0	9.69	5.19	0.04	11.00	5.32	
6	4	1	8.15	3.99	0.03	9.08	4.01	
6	4	2	8.28	4.21	0.04	9.28	4.21	
6	4	3	8.95	4.73	0.07	10.12	4.75	
6	4	4	9.16	4.62	0.11	10.26	4.66	
6	4	5	11.55	5.34	0.16	12.72	6.13	
6	4	6	12.75	5.06	0.20	13.71	6.58	
6	4	7	11.60	5.86	0.39	13.00	6.61	
6	4	8	13.86	5.03	0.77	14.74	7.32	
6	4	9	14.85	3.44	0.95	15.25	7.19	
6	4	10	11.37	9.12	3.04	14.57	9.55	
6	4	11	20.11	4.77	2.39	20.67	12.52	
6	4	14	21.03	0.00	0.00	21.03	12.49	
6	5	0	9.08	5.11	0.04	10.42	5.14	
6	5	1	7.43	3.58	0.04	8.25	3.75	
6	5	2	8.05	4.14	0.05	9.05	4.17	
6	5	3	8.59	4.28	0.07	9.60	4.28	
6	5	4	9.57	4.92	0.12	10.76	5.03	
6	5	5	9.31	4.63	0.20	10.39	4.69	
6	5	6	11.74	5.03	0.23	12.77	5.96	
6	5	7	13.27	4.03	0.26	13.86	6.21	
6	5	8	12.43	3.89	0.41	13.03	5.51	
6	5	9	12.36	5.80	1.33	13.66	6.95	
6	5	10	13.24	0.00	0.00	13.24	4.70	
6	6	0	8.38	4.80	0.05	9.65	4.80	
6	6	1	6.90	3.46	0.04	7.72	3.82	
6	6	2	7.71	3.81	0.06	8.60	3.90	
6	6	3	8.05	4.27	0.09	9.11	4.29	
6	6	4	8.73	4.53	0.13	9.84	4.54	
6	6	5	10.02	4.83	0.19	11.12	5.05	
6	6	6	9.20	4.67	0.39	10.32	4.72	
6	6	7	12.23	3.98	0.21	12.87	5.43	
6	6	8	13.17	4.16	0.41	13.81	6.23	
6	6	9	13.06	3.80	0.57	13.61	5.91	
6	6	10	13.97	1.11	0.45	14.02	5.55	
6	7	0	8.00	4.71	0.06	9.29	4.74	
6	7	1	6.56	3.26	0.05	7.32	3.81	
6	7	2	7.08	3.75	0.07	8.01	4.02	
6	7	3	7.85	4.00	0.11	8.81	4.06	
6	7	4	7.89	4.37	0.18	9.02	4.42	
6	7	5	9.01	4.03	0.20	9.87	4.06	
6	7	6	11.30	4.07	0.22	12.01	4.92	
6	7	7	11.01	4.86	0.47	12.04	5.45	
6	7	8	12.33	2.90	0.32	12.67	4.78	
6	7	9	11.45	3.24	0.40	11.90	4.35	
6	7	10	12.99	1.53	0.63	13.08	4.71	
6	7	11	14.40	0.00	0.00	14.40	5.86	
6	8	0	8.27	4.93	0.08	9.63	4.94	
6	8	1	6.15	3.17	0.06	6.92	3.97	
6	8	2	6.66	3.47	0.09	7.50	3.94	
6	8	3	6.64	3.58	0.14	7.54	4.05	
6	8	4	7.98	4.59	0.28	9.21	4.62	
6	8	5	8.95	3.77	0.22	9.71	3.79	
6	8	6	9.27	4.34	0.33	10.23	4.40	
6	8	7	10.30	3.10	0.27	10.75	3.57	
6	8	8	10.38	3.57	0.53	10.97	4.01	
6	8	9	12.40	2.94	0.49	12.74	4.85	
6	8	10	10.65	2.90	0.54	11.04	3.59	
6	8	11	9.26	2.58	1.49	9.62	2.68	
6	9	0	7.51	4.77	0.11	8.90	4.88	
6	9	1	5.61	3.04	0.08	6.38	4.22	
6	9	2	5.80	3.52	0.12	6.79	4.46	
6	9	3	6.68	3.58	0.19	7.58	4.04	
6	9	4	6.21	3.67	0.28	7.22	4.35	
6	9	5	7.39	4.57	0.49	8.69	4.71	
6	9	6	8.98	3.57	0.27	9.67	3.60	
6	9	7	9.68	3.80	0.39	10.40	3.97	
6	9	8	10.57	3.59	0.61	11.16	4.13	
6	9	9	13.35	0.00	0.00	13.35	4.81	
6	9	10	12.04	3.12	0.53	12.43	4.69	
6	9	11	9.36	3.72	1.32	10.07	3.81	
6	10	0	7.11	4.53	0.14	8.43	4.75	
6	10	1	4.74	2.81	0.10	5.51	4.72	
6	10	2	5.49	3.54	0.17	6.53	4.67	
6	10	3	6.33	3.80	0.24	7.38	4.40	
6	10	4	5.21	3.49	0.32	6.27	4.82	
6	10	5	6.84	4.40	0.45	8.14	4.72	
6	10	6	8.84	3.22	0.56	9.40	3.23	
6	10	7	9.67	1.41	0.33	9.77	1.80	
6	10	8	10.85	3.86	0.60	11.51	4.50	
6	10	9	11.58	2.93	0.51	11.95	4.23	
6	10	10	-0.36	0.00	0.00	0.36	8.90	
6	10	11	13.44	2.72	1.57	13.71	5.60	
6	11	0	6.44	4.12	0.17	7.65	4.63	
6	11	1	4.05	2.51	0.12	4.76	5.14	
6	11	2	5.10	3.54	0.23	6.21	4.94	
6	11	3	4.73	3.75	0.33	6.03	5.34	
6	11	4	5.53	3.22	0.40	6.40	4.41	
6	11	5	7.00	3.39	0.63	7.77	3.72	
6	11	6	6.89	3.89	1.47	7.91	4.22	
6	11	7	10.79	2.10	0.56	10.99	3.08	
6	11	8	9.41	1.54	0.58	9.53	1.77	
6	11	9	9.19	4.06	1.28	10.05	4.11	
6	11	10	11.30	2.56	0.97	11.58	3.77	
6	12	0	5.89	3.77	0.20	6.99	4.61	
6	12	1	3.94	2.10	0.14	4.47	5.05	
6	12	2	4.47	3.27	0.28	5.54	5.21	
6	12	3	5.56	3.34	0.36	6.48	4.47	
6	12	4	3.81	2.72	0.44	4.68	5.45	
6	12	5	2.71	1.94	0.69	3.33	6.14	
6	12	6	10.47	0.85	0.27	10.51	2.12	
6	12	8	9.80	3.03	0.96	10.26	3.29	
6	12	9	8.30	0.00	0.00	8.30	0.24	
6	13	0	6.13	3.84	0.27	7.24	4.53	
6	13	1	2.59	1.51	0.15	3.00	6.13	
6	13	2	5.13	3.13	0.36	6.01	4.63	
6	13	3	2.54	2.50	0.54	3.56	6.50	
6	13	4	3.27	2.85	0.54	4.33	5.99	
6	13	5	6.91	3.71	2.14	7.85	4.05	
6	13	6	8.07	0.90	0.40	8.12	1.01	
6	13	7	1.89	0.05	0.03	1.89	6.65	
6	13	8	6.97	0.00	0.00	6.97	1.57	
6	13	9	7.14	1.43	0.83	7.28	2.00	
6	14	0	4.27	3.56	0.44	5.56	5.56	
6	14	1	3.88	2.35	0.23	4.53	5.22	
6	14	2	2.55	1.35	0.28	2.88	6.14	
6	14	3	2.33	1.12	0.21	2.59	6.30	
6	14	4	1.81	0.11	0.05	1.81	6.73	
6	14	5	1.43	0.10	0.06	1.43	7.11	
6	14	6	1.77	0.12	0.06	1.78	6.76	
6	14	7	6.97	0.00	0.00	6.97	1.57	
6	15	0	6.52	3.55	0.43	7.42	4.08	
6	15	1	1.19	1.97	0.66	2.30	7.61	
6	15	2	2.20	1.29	0.31	2.55	6.47	
6	15	3	1.81	0.17	0.07	1.82	6.73	
6	15	4	2.46	1.38	0.62	2.82	6.23	
6	15	5	1.89	0.05	0.04	1.89	6.65	
6	16	0	6.46	1.87	1.32	6.73	2.79	
6	16	1	3.18	1.87	0.76	3.69	5.67	
6	16	2	1.50	0.00	0.00	1.50	7.04	
6	16	3	1.18	0.32	0.23	1.22	7.37	
6	16	4	1.69	0.20	0.08	1.70	6.85	
6	17	0	8.28	2.74	1.94	8.72	2.76	
6	17	1	2.81	1.97	1.39	3.43	6.05	
6	17	2	0.85	0.00	0.00	0.85	7.69	
6	18	0	6.88	2.97	1.71	7.49	3.40	
7	0	1	11.81	5.10	0.06	12.86	6.06	
7	0	2	12.32	5.20	0.05	13.37	6.43	
7	0	3	11.99	5.50	0.05	13.19	6.50	
7	0	4	12.38	5.98	0.08	13.75	7.11	
7	0	5	12.67	6.72	0.12	14.34	7.89	
7	0	6	12.18	6.90	0.18	14.00	7.80	
7	0	7	15.41	7.57	0.29	17.17	10.22	
7	0	8	17.64	7.17	0.40	19.04	11.59	
7	0	9	17.84	7.59	0.74	19.38	12.00	
7	0	10	17.31	8.06	1.16	19.09	11.91	
7	0	11	16.34	6.10	1.05	17.44	9.91	
7	0	12	17.42	4.95	1.75	18.11	10.17	
7	0	13	20.32	1.65	0.52	20.39	11.90	
7	0	14	14.97	0.00	0.00	14.97	6.43	
7	1	0	13.51	6.02	0.07	14.79	7.80	
7	1	1	12.05	5.03	0.05	13.05	6.13	
7	1	2	11.62	5.16	0.05	12.72	6.01	
7	1	3	11.99	5.56	0.06	13.22	6.54	
7	1	4	12.57	6.33	0.09	14.08	7.51	
7	1	5	13.01	6.60	0.14	14.59	7.97	
7	1	6	14.90	7.17	0.20	16.54	9.59	
7	1	7	16.52	7.72	0.35	18.24	11.11	
7	1	8	18.21	6.58	0.42	19.36	11.70	
7	1	9	19.56	6.65	0.65	20.66	12.87	
7	1	10	19.60	7.28	1.04	20.90	13.24	
7	1	11	18.69	5.81	1.37	19.57	11.70	
7	1	12	17.71	3.27	0.64	18.01	9.74	
7	1	13	14.97	0.00	0.00	14.97	6.43	
7	2	0	13.35	6.08	0.06	14.67	7.76	
7	2	1	11.32	4.78	0.04	12.29	5.53	
7	2	2	11.30	4.93	0.05	12.33	5.65	
7	2	3	12.06	5.85	0.07	13.41	6.83	
7	2	4	12.71	6.08	0.10	14.09	7.38	
7	2	5	14.39	6.61	0.14	15.83	8.83	
7	2	6	15.94	6.44	0.20	17.19	9.81	
7	2	7	16.52	6.35	0.31	17.70	10.20	
7	2	8	18.09	6.25	0.45	19.14	11.42	
7	2	9	18.87	6.59	0.67	19.99	12.26	
7	2	10	19.81	5.81	1.01	20.65	12.68	
7	2	11	19.57	4.50	0.69	20.08	11.91	
7	2	12	18.56	2.78	1.39	18.77	10.40	
7	2	13	15.32	0.31	0.22	15.33	6.80	
7	3	0	12.51	5.82	0.05	13.80	7.05	
7	3	1	10.69	4.50	0.04	11.60	4.99	
7	3	2	11.21	5.04	0.05	12.29	5.71	
7	3	3	11.30	5.05	0.07	12.37	5.76	
7	3	4	12.91	5.69	0.10	14.11	7.18	
7	3	5	14.50	5.62	0.14	15.55	8.19	
7	3	6	15.10	5.94	0.23	16.23	8.86	
7	3	7	16.93	6.00	0.33	17.97	10.32	
7	3	8	16.37	5.95	0.55	17.42	9.84	
7	3	9	19.27	5.01	0.68	19.91	11.84	
7	3	10	19.23	4.47	0.59	19.74	11.59	
7	3	11	18.65	2.28	0.72	18.79	10.37	
7	3	12	18.83	3.78	1.54	19.21	10.97	
7	4	0	11.79	5.58	0.05	13.05	6.46	
7	4	1	10.09	4.30	0.04	10.96	4.57	
7	4	2	10.44	4.64	0.06	11.42	5.01	
7	4	3	11.45	5.06	0.07	12.52	5.84	
7	4	4	11.64	4.83	0.12	12.60	5.74	
7	4	5	13.97	5.19	0.14	14.91	7.52	
7	4	6	14.54	4.85	0.17	15.33	7.72	
7	4	7	15.41	5.22	0.29	16.27	8.63	
7	4	8	16.62	4.85	0.49	17.31	9.42	
7	4	9	17.35	3.61	0.47	17.72	9.53	
7	4	10	14.16	7.42	2.47	15.98	9.31	
7	4	11	21.07	4.13	1.56	21.47	13.19	
7	4	12	19.02	1.58	1.12	19.09	10.60	
7	5	0	11.18	5.58	0.06	12.49	6.18	
7	5	1	9.08	4.01	0.05	9.92	4.05	
7	5	2	10.23	4.64	0.06	11.23	4.94	
7	5	3	10.88	4.64	0.09	11.83	5.20	
7	5	4	12.12	4.76	0.12	13.02	5.96	
7	5	5	11.96	4.65	0.21	12.83	5.77	
7	5	6	14.01	4.56	0.18	14.73	7.12	
7	5	7	14.51	3.94	0.21	15.03	7.15	
7	5	8	15.58	3.96	0.30	16.08	8.08	
7	5	9	14.75	4.37	0.70	15.38	7.59	
7	5	10	16.15	2.54	0.68	16.35	8.02	
7	5	11	20.98	4.08	2.88	21.37	13.10	
7	5	13	20.60	0.00	0.00	20.60	12.06	
7	6	0	10.26	5.31	0.07	11.56	5.59	
7	6	1	8.42	3.87	0.06	9.27	3.87	
7	6	2	9.51	4.19	0.07	10.40	4.31	
7	6	3	10.15	4.62	0.12	11.16	4.90	
7	6	4	11.35	4.56	0.14	12.23	5.36	
7	6	5	12.28	4.32	0.17	13.02	5.72	
7	6	6	12.73	4.29	0.34	13.44	6.00	
7	6	7	13.83	3.87	0.18	14.37	6.56	
7	6	8	14.26	3.74	0.31	14.74	6.84	
7	6	9	14.10	4.32	0.47	14.75	7.04	
7	6	10	15.92	4.73	1.58	16.61	8.77	
7	6	11	21.90	3.96	2.29	22.26	13.94	
7	6	12	13.63	0.00	0.00	13.63	5.09	
7	7	0	9.91	5.47	0.09	11.31	5.64	
7	7	1	8.17	3.64	0.07	8.94	3.66	
7	7	2	9.04	4.25	0.10	9.99	4.28	
7	7	3	9.74	4.22	0.14	10.62	4.39	
7	7	4	9.70	4.39	0.20	10.64	4.54	
7	7	5	10.89	3.97	0.19	11.59	4.62	
7	7	6	13.03	3.81	0.18	13.58	5.89	
7	7	7	13.90	4.33	0.37	14.56	6.89	
7	7	8	12.78	3.48	0.33	13.25	5.49	
7	7	9	13.11	3.07	0.29	13.46	5.51	
7	7	10	14.63	3.42	0.81	15.03	6.99	
7	7	11	13.63	0.00	0.00	13.63	5.09	
7	8	0	10.27	5.47	0.12	11.63	5.73	
7	8	1	7.69	3.77	0.10	8.57	3.86	
7	8	2	8.11	3.69	0.12	8.91	3.71	
7	8	3	8.66	4.41	0.22	9.72	4.41	
7	8	4	9.87	4.09	0.30	10.69	4.30	
7	8	5	11.46	3.69	0.22	12.04	4.71	
7	8	6	11.08	3.56	0.25	11.64	4.38	
7	8	7	12.33	3.24	0.26	12.75	4.99	
7	8	8	12.56	3.20	0.44	12.96	5.14	
7	8	9	13.22	3.62	0.52	13.71	5.92	
7	8	10	13.02	2.87	0.40	13.33	5.32	
7	8	11	5.26	0.00	0.00	5.26	3.28	
7	9	0	9.72	5.34	0.18	11.09	5.47	
7	9	1	6.90	3.46	0.12	7.72	3.83	
7	9	2	7.52	4.32	0.21	8.67	4.44	
7	9	3	7.95	3.85	0.25	8.84	3.90	
7	9	4	9.21	4.07	0.46	10.07	4.13	
7	9	5	7.96	3.72	0.55	8.78	3.77	
7	9	6	11.65	2.97	0.25	12.02	4.30	
7	9	7	11.88	3.13	0.29	12.29	4.58	
7	9	8	12.71	3.33	0.45	13.14	5.34	
7	9	9	13.29	2.78	1.14	13.58	5.51	
7	9	10	13.61	3.13	0.47	13.96	5.96	
7	9	11	14.30	1.85	0.70	14.42	6.06	
7	9	12	10.38	0.00	0.00	10.38	1.84	
7	10	0	8.83	4.92	0.22	10.11	4.93	
7	10	1	6.05	2.80	0.16	6.66	3.75	
7	10	2	6.17	3.40	0.25	7.04	4.14	
7	10	3	8.38	4.33	0.42	9.43	4.33	
7	10	4	5.15	2.47	0.35	5.72	4.19	
7	10	5	10.01	3.19	0.58	10.51	3.52	
7	10	6	10.24	2.31	0.53	10.49	2.87	
7	10	7	10.66	3.42	0.61	11.19	4.02	
7	10	8	13.04	2.69	0.33	13.32	5.25	
7	10	9	12.84	3.49	0.51	13.31	5.54	
7	10	10	11.00	0.97	0.56	11.04	2.64	
7	10	11	14.29	1.80	0.64	14.40	6.03	
7	10	12	17.42	0.00	0.00	17.42	8.88	
7	11	0	8.03	4.37	0.27	9.14	4.40	
7	11	1	5.59	2.75	0.22	6.23	4.03	
7	11	2	7.00	3.90	0.39	8.02	4.19	
7	11	3	5.20	3.37	0.44	6.19	4.74	
7	11	4	5.87	3.01	0.48	6.60	4.02	
7	11	5	11.24	1.99	0.60	11.42	3.36	
7	11	6	10.38	3.05	0.96	10.82	3.56	
7	11	7	10.25	1.34	0.39	10.34	2.18	
7	11	8	11.18	3.02	1.07	11.58	4.02	
7	11	9	13.15	2.21	0.54	13.33	5.12	
7	11	10	15.21	1.54	0.69	15.29	6.85	
7	12	0	6.91	4.31	0.35	8.15	4.61	
7	12	1	6.10	2.55	0.29	6.61	3.53	
7	12	2	5.67	3.41	0.49	6.62	4.46	
7	12	3	5.14	2.15	0.34	5.57	4.02	
7	12	4	3.90	4.39	1.32	5.87	6.39	
7	12	5	2.08	0.13	0.07	2.08	6.46	
7	12	7	12.55	3.43	1.98	13.01	5.28	
7	12	8	9.57	1.51	0.68	9.69	1.83	
7	13	0	8.52	4.87	0.49	9.81	4.87	
7	13	1	4.17	2.70	0.34	4.97	5.13	
7	13	2	5.32	2.06	0.33	5.71	3.82	
7	13	3	1.92	0.43	0.22	1.97	6.63	
7	13	4	2.90	2.41	0.91	3.78	6.13	
7	13	6	4.82	2.88	1.02	5.61	4.70	
7	14	0	5.77	4.52	1.17	7.33	5.30	
7	14	1	5.16	2.01	0.26	5.54	3.92	
7	14	2	2.81	0.76	0.44	2.91	5.77	
7	14	3	2.04	0.00	0.00	2.04	6.50	
7	14	4	1.81	0.55	0.25	1.89	6.75	
7	14	5	8.72	0.00	0.00	8.72	0.18	
7	15	0	7.31	4.07	0.63	8.37	4.25	
7	15	1	3.84	0.00	0.00	3.84	4.70	
7	15	2	2.04	0.00	0.00	2.04	6.50	
7	15	3	2.89	0.00	0.00	2.89	5.65	
7	16	0	7.61	0.00	0.00	7.61	0.93	
7	16	2	2.89	0.00	0.00	2.89	5.65	
7	17	1	2.89	0.00	0.00	2.89	5.65	
7	18	0	8.87	0.00	0.00	8.87	0.33	
8	0	1	14.35	5.35	0.07	15.32	7.90	
8	0	2	14.69	5.54	0.06	15.70	8.28	
8	0	3	14.60	5.77	0.07	15.70	8.37	
8	0	4	15.20	6.25	0.09	16.43	9.14	
8	0	5	16.10	7.05	0.14	17.58	10.34	
8	0	6	16.64	7.18	0.20	18.12	10.82	
8	0	7	18.42	7.47	0.29	19.88	12.39	
8	0	8	19.83	7.28	0.39	21.12	13.44	
8	0	9	21.76	6.71	0.58	22.77	14.82	
8	0	10	20.07	6.86	0.79	21.21	13.42	
8	0	11	20.00	4.96	0.77	20.60	12.49	
8	0	12	22.17	6.15	1.78	23.01	14.96	
8	0	13	19.26	3.20	0.65	19.52	11.19	
8	0	15	27.49	0.00	0.00	27.49	18.95	
8	0	16	19.46	0.00	0.00	19.46	10.92	
8	1	0	16.17	6.36	0.10	17.37	9.93	
8	1	1	14.22	5.24	0.06	15.16	7.73	
8	1	2	14.11	5.46	0.06	15.13	7.80	
8	1	3	14.76	5.92	0.08	15.90	8.59	
8	1	4	15.59	6.52	0.11	16.90	9.60	
8	1	5	16.36	6.60	0.15	17.64	10.23	
8	1	6	18.08	6.73	0.20	19.29	11.68	
8	1	7	19.56	7.16	0.30	20.83	13.14	
8	1	8	21.69	5.61	0.33	22.41	14.30	
8	1	9	21.04	6.39	0.56	21.99	14.04	
8	1	10	21.10	5.14	0.70	21.72	13.58	
8	1	11	22.35	3.87	0.70	22.69	14.35	
8	1	12	18.82	3.81	0.59	19.20	10.96	
8	1	13	19.93	0.00	0.00	19.93	11.39	
8	1	14	27.49	0.00	0.00	27.49	18.95	
8	1	15	19.46	0.00	0.00	19.46	10.92	
8	2	0	15.65	6.22	0.07	16.84	9.45	
8	2	1	13.45	5.01	0.05	14.35	7.01	
8	2	2	13.73	5.28	0.06	14.70	7.40	
8	2	3	14.85	6.08	0.08	16.05	8.77	
8	2	4	15.42	6.00	0.11	16.55	9.13	
8	2	5	17.04	6.21	0.14	18.14	10.53	
8	2	6	18.35	6.08	0.18	19.33	11.55	
8	2	7	19.84	5.89	0.25	20.69	12.74	
8	2	8	20.87	5.25	0.33	21.52	13.41	
8	2	9	22.02	4.53	0.40	22.48	14.22	
8	2	10	21.84	4.96	0.68	22.40	14.20	
8	2	11	20.57	4.08	0.59	20.97	12.71	
8	2	12	21.34	4.77	1.12	21.86	13.66	
8	2	13	18.88	3.41	1.21	19.19	10.89	
8	2	14	19.70	0.24	0.17	19.70	11.16	
8	3	0	14.53	6.16	0.07	15.78	8.60	
8	3	1	12.85	4.83	0.05	13.73	6.48	
8	3	2	13.85	5.43	0.07	14.88	7.60	
8	3	3	13.84	5.28	0.09	14.81	7.48	
8	3	4	15.47	5.64	0.10	16.46	8.94	
8	3	5	16.27	5.43	0.14	17.15	9.44	
8	3	6	17.54	5.54	0.20	18.39	10.57	
8	3	7	19.81	5.18	0.25	20.48	12.41	
8	3	8	19.38	4.94	0.37	20.00	11.92	
8	3	9	20.36	4.23	0.43	20.79	12.56	
8	3	10	19.56	4.11	0.47	19.99	11.77	
8	3	11	20.80	5.93	2.24	21.63	13.63	
8	3	12	20.44	2.29	1.02	20.56	12.12	
8	3	13	19.61	2.38	0.84	19.75	11.33	
8	3	14	22.37	0.00	0.00	22.37	13.83	
8	3	15	19.93	0.00	0.00	19.93	11.39	
8	4	0	13.94	6.03	0.07	15.19	8.10	
8	4	1	11.83	4.59	0.06	12.69	5.65	
8	4	2	12.62	4.88	0.07	13.53	6.36	
8	4	3	13.90	5.19	0.09	14.84	7.46	
8	4	4	13.95	4.99	0.14	14.81	7.36	
8	4	5	16.14	5.02	0.14	16.90	9.11	
8	4	6	16.37	4.35	0.15	16.94	8.96	
8	4	7	17.38	5.00	0.27	18.08	10.16	
8	4	8	18.36	4.82	0.39	18.98	10.94	
8	4	9	19.26	4.87	0.51	19.87	11.78	
8	4	10	18.49	3.46	0.84	18.82	10.54	
8	4	11	22.01	3.17	0.85	22.23	13.84	
8	4	12	18.16	1.30	0.53	18.20	9.71	
8	4	13	19.12	0.00	0.00	19.12	10.58	
8	4	14	19.93	0.00	0.00	19.93	11.39	
8	4	15	22.37	0.00	0.00	22.37	13.83	
8	4	16	19.93	0.00	0.00	19.93	11.39	
8	5	0	13.16	5.98	0.08	14.45	7.56	
8	5	1	10.74	4.21	0.07	11.53	4.75	
8	5	2	12.12	4.97	0.09	13.10	6.13	
8	5	3	12.86	4.70	0.10	13.69	6.38	
8	5	4	14.20	5.10	0.15	15.09	7.62	
8	5	5	13.91	4.36	0.22	14.58	6.92	
8	5	6	15.89	3.74	0.15	16.32	8.25	
8	5	7	16.04	4.29	0.21	16.61	8.65	
8	5	8	16.00	4.84	0.30	16.71	8.89	
8	5	9	18.29	4.09	0.47	18.75	10.58	
8	5	10	17.71	2.68	0.51	17.91	9.56	
8	5	11	18.32	1.85	0.62	18.41	9.95	
8	5	12	23.34	0.00	0.00	23.34	14.80	
8	5	14	19.12	0.00	0.00	19.12	10.58	
8	5	15	19.93	0.00	0.00	19.93	11.39	
8	6	0	12.34	5.57	0.10	13.54	6.75	
8	6	1	10.44	4.31	0.08	11.29	4.71	
8	6	2	11.35	4.48	0.10	12.21	5.29	
8	6	3	12.06	4.55	0.15	12.89	5.75	
8	6	4	13.02	4.54	0.17	13.78	6.37	
8	6	5	13.82	4.41	0.19	14.50	6.88	
8	6	6	13.78	4.56	0.38	14.52	6.95	
8	6	7	15.10	4.16	0.20	15.66	7.77	
8	6	8	16.25	4.02	0.30	16.74	8.70	
8	6	9	16.15	3.80	0.35	16.59	8.51	
8	6	10	17.01	2.56	0.47	17.21	8.86	
8	6	11	19.38	2.50	0.88	19.54	11.12	
8	6	13	23.34	0.00	0.00	23.34	14.80	
8	7	0	12.12	6.12	0.14	13.58	7.10	
8	7	1	9.71	3.85	0.10	10.44	4.02	
8	7	2	11.00	4.62	0.15	11.93	5.24	
8	7	3	11.97	4.30	0.18	12.72	5.50	
8	7	4	11.56	4.31	0.27	12.34	5.27	
8	7	5	12.17	4.05	0.22	12.83	5.45	
8	7	6	14.37	3.81	0.20	14.86	6.97	
8	7	7	14.55	4.09	0.34	15.11	7.27	
8	7	8	15.02	2.77	0.24	15.27	7.05	
8	7	9	14.31	3.75	0.32	14.79	6.88	
8	7	10	15.11	3.69	0.87	15.55	7.54	
8	7	11	14.09	2.18	0.77	14.26	5.97	
8	7	12	18.63	2.30	1.33	18.77	10.36	
8	8	0	12.64	5.60	0.17	13.83	6.94	
8	8	1	9.31	4.32	0.18	10.26	4.39	
8	8	2	10.36	4.64	0.23	11.35	4.98	
8	8	3	10.39	4.52	0.31	11.33	4.89	
8	8	4	11.27	5.07	0.50	12.35	5.76	
8	8	5	12.17	4.35	0.33	12.92	5.67	
8	8	6	12.08	3.52	0.31	12.58	4.99	
8	8	7	13.62	3.11	0.31	13.97	5.96	
8	8	8	13.40	2.72	0.37	13.67	5.57	
8	8	9	14.54	2.42	0.35	14.74	6.47	
8	8	10	13.61	2.91	0.38	13.92	5.85	
8	8	11	13.98	4.24	1.28	14.61	6.90	
8	8	12	12.90	1.03	0.51	12.94	4.49	
8	9	0	11.39	5.85	0.31	12.81	6.51	
8	9	1	8.60	4.04	0.22	9.51	4.04	
8	9	2	8.78	4.04	0.31	9.67	4.05	
8	9	3	9.25	4.78	0.43	10.42	4.84	
8	9	4	11.14	4.86	0.82	12.15	5.52	
8	9	5	9.23	4.66	0.90	10.34	4.71	
8	9	6	12.75	2.99	0.29	13.10	5.17	
8	9	7	12.67	3.26	0.34	13.08	5.26	
8	9	8	14.11	3.34	0.52	14.50	6.49	
8	9	9	13.84	3.18	1.84	14.20	6.18	
8	9	10	14.86	2.10	0.36	15.01	6.66	
8	9	11	15.35	1.62	0.39	15.43	7.00	
8	9	12	16.52	5.08	2.54	17.28	9.46	
8	9	13	15.10	2.91	1.68	15.38	7.18	
8	10	0	11.46	5.38	0.40	12.66	6.12	
8	10	1	6.63	3.03	0.29	7.29	3.58	
8	10	2	7.25	3.82	0.46	8.20	4.03	
8	10	3	9.97	4.51	0.68	10.95	4.74	
8	10	4	6.98	3.54	0.74	7.83	3.87	
8	10	5	13.28	2.51	0.49	13.51	5.37	
8	10	6	10.43	1.56	0.38	10.55	2.46	
8	10	7	12.90	1.58	0.56	13.00	4.65	
8	10	8	14.07	2.79	0.45	14.34	6.19	
8	10	9	14.19	3.40	0.53	14.59	6.60	
8	10	10	15.85	0.00	0.00	15.85	7.31	
8	10	13	19.11	0.00	0.00	19.11	10.57	
8	11	0	8.11	4.78	0.50	9.42	4.80	
8	11	1	6.44	2.86	0.44	7.04	3.55	
8	11	2	6.80	5.04	1.03	8.46	5.33	
8	11	3	8.38	4.33	1.05	9.43	4.33	
8	11	4	8.26	4.74	0.93	9.52	4.74	
8	11	5	11.55	0.00	0.00	11.55	3.01	
8	11	6	8.37	0.00	0.00	8.37	0.17	
8	11	7	11.65	1.14	0.51	11.70	3.32	
8	11	8	12.40	0.74	0.33	12.43	3.94	
8	11	9	11.42	3.30	1.10	11.89	4.38	
8	11	10	14.37	3.03	1.35	14.68	6.57	
8	12	0	8.44	4.21	0.61	9.43	4.21	
8	12	1	4.84	3.44	0.64	5.94	5.05	
8	12	2	9.61	3.49	0.87	10.22	3.65	
8	12	3	5.20	1.84	0.47	5.51	3.81	
8	12	4	9.83	2.99	1.49	10.27	3.25	
8	12	8	10.31	1.35	0.78	10.40	2.23	
8	12	10	6.75	0.00	0.00	6.75	1.79	
8	13	0	8.73	5.00	1.02	10.06	5.00	
8	13	1	4.89	2.05	0.51	5.30	4.18	
8	13	2	5.22	2.20	0.50	5.66	3.98	
8	13	4	3.16	1.23	0.62	3.39	5.52	
8	14	0	7.38	2.36	0.75	7.75	2.63	
8	14	1	5.70	1.50	0.34	5.90	3.20	
8	14	3	4.65	0.00	0.00	4.65	3.89	
8	14	4	4.09	0.00	0.00	4.09	4.45	
8	15	0	9.81	2.85	0.86	10.22	3.12	
8	15	2	4.65	0.00	0.00	4.65	3.89	
8	15	3	4.09	0.00	0.00	4.09	4.45	
8	16	1	4.65	0.00	0.00	4.65	3.89	
8	16	2	4.09	0.00	0.00	4.09	4.45	
8	17	0	10.64	0.00	0.00	10.64	2.10	
8	17	1	4.09	0.00	0.00	4.09	4.45	
8	18	0	10.07	0.00	0.00	10.07	1.53	
9	0	1	16.64	5.48	0.10	17.51	9.78	
9	0	2	17.04	5.45	0.08	17.89	10.10	
9	0	3	17.12	5.85	0.09	18.10	10.39	
9	0	4	18.05	6.31	0.12	19.12	11.41	
9	0	5	19.20	6.84	0.16	20.38	12.66	
9	0	6	19.20	7.41	0.24	20.58	12.99	
9	0	7	21.31	6.45	0.27	22.26	14.31	
9	0	8	22.53	6.53	0.32	23.46	15.45	
9	0	9	23.19	5.36	0.42	23.80	15.61	
9	0	10	23.33	5.98	0.66	24.08	15.95	
9	0	11	21.42	5.68	0.77	22.16	14.08	
9	0	12	23.31	4.51	1.16	23.74	15.44	
9	0	13	20.05	2.51	0.47	20.21	11.78	
9	0	14	20.99	4.41	1.97	21.45	13.21	
9	1	0	18.37	6.45	0.13	19.47	11.76	
9	1	1	16.38	5.25	0.09	17.20	9.43	
9	1	2	16.47	5.55	0.08	17.38	9.68	
9	1	3	17.34	5.88	0.10	18.31	10.58	
9	1	4	18.47	6.44	0.13	19.56	11.84	
9	1	5	19.02	6.48	0.17	20.09	12.32	
9	1	6	20.50	6.17	0.20	21.41	13.46	
9	1	7	22.00	6.70	0.29	23.00	15.04	
9	1	8	22.66	5.16	0.31	23.24	15.04	
9	1	9	23.87	5.66	0.41	24.54	16.35	
9	1	10	24.19	4.03	0.42	24.53	16.17	
9	1	11	21.52	3.27	0.64	21.77	13.39	
9	1	12	19.40	2.95	0.42	19.62	11.25	
9	1	13	22.10	3.43	1.14	22.37	13.99	
9	1	15	26.39	0.00	0.00	26.39	17.85	
9	2	0	17.89	6.33	0.10	18.98	11.30	
9	2	1	15.57	5.11	0.07	16.38	8.69	
9	2	2	16.07	5.21	0.08	16.89	9.16	
9	2	3	17.46	5.96	0.10	18.45	10.73	
9	2	4	18.13	5.98	0.13	19.09	11.31	
9	2	5	19.59	5.67	0.15	20.40	12.43	
9	2	6	20.60	5.57	0.18	21.34	13.28	
9	2	7	21.31	5.33	0.25	21.97	13.84	
9	2	8	22.25	5.87	0.35	23.01	14.91	
9	2	9	23.02	4.66	0.42	23.49	15.22	
9	2	10	23.69	3.64	0.44	23.97	15.58	
9	2	11	21.59	3.78	0.44	21.92	13.59	
9	2	12	20.94	3.21	0.70	21.18	12.81	
9	2	13	19.76	3.10	1.17	20.00	11.64	
9	2	16	26.39	0.00	0.00	26.39	17.85	
9	3	0	16.82	6.31	0.09	17.97	10.42	
9	3	1	15.11	4.91	0.08	15.89	8.21	
9	3	2	15.87	5.35	0.09	16.75	9.08	
9	3	3	16.27	5.16	0.11	17.07	9.30	
9	3	4	17.53	5.15	0.12	18.27	10.36	
9	3	5	18.57	5.24	0.15	19.30	11.32	
9	3	6	19.21	5.03	0.20	19.86	11.80	
9	3	7	21.19	4.98	0.24	21.77	13.60	
9	3	8	21.05	4.80	0.37	21.59	13.40	
9	3	9	22.97	4.51	0.40	23.40	15.12	
9	3	10	21.31	4.11	0.44	21.71	13.42	
9	3	11	23.21	3.38	0.68	23.46	15.06	
9	3	12	20.82	3.76	0.97	21.16	12.85	
9	3	13	21.67	2.90	1.45	21.87	13.45	
9	3	15	26.39	0.00	0.00	26.39	17.85	
9	4	0	16.25	6.19	0.11	17.39	9.89	
9	4	1	13.98	4.57	0.08	14.70	7.10	
9	4	2	14.90	5.10	0.11	15.75	8.15	
9	4	3	15.76	5.09	0.12	16.56	8.84	
9	4	4	16.09	4.74	0.16	16.77	8.92	
9	4	5	17.68	4.92	0.16	18.35	10.38	
9	4	6	18.16	4.90	0.19	18.81	10.80	
9	4	7	18.69	4.03	0.23	19.12	10.93	
9	4	8	20.56	4.04	0.28	20.96	12.69	
9	4	9	19.86	5.04	0.48	20.49	12.39	
9	4	10	22.17	4.10	0.78	22.55	14.24	
9	4	11	21.01	2.81	0.72	21.20	12.78	
9	4	12	22.48	2.99	1.13	22.68	14.26	
9	4	13	21.48	0.96	0.43	21.50	12.98	
9	4	14	26.39	0.00	0.00	26.39	17.85	
9	5	0	15.59	6.10	0.12	16.75	9.33	
9	5	1	12.80	4.61	0.11	13.60	6.28	
9	5	2	14.60	4.93	0.12	15.41	7.81	
9	5	3	15.03	4.61	0.13	15.72	7.96	
9	5	4	15.49	4.79	0.17	16.21	8.44	
9	5	5	15.44	4.46	0.28	16.07	8.22	
9	5	6	16.62	3.86	0.17	17.06	8.96	
9	5	7	16.92	4.13	0.24	17.41	9.34	
9	5	8	17.45	3.92	0.28	17.89	9.74	
9	5	9	20.34	3.88	0.42	20.71	12.43	
9	5	10	19.55	4.07	0.64	19.97	11.75	
9	5	11	19.48	2.89	0.80	19.69	11.32	
9	5	13	26.39	0.00	0.00	26.39	17.85	
9	5	14	18.93	0.00	0.00	18.93	10.39	
9	6	0	13.70	5.84	0.17	14.89	7.79	
9	6	1	12.61	4.52	0.14	13.39	6.09	
9	6	2	13.38	4.45	0.14	14.10	6.58	
9	6	3	13.32	4.70	0.20	14.13	6.71	
9	6	4	14.84	4.80	0.24	15.60	7.93	
9	6	5	15.34	4.12	0.20	15.89	7.96	
9	6	6	15.29	3.86	0.37	15.77	7.78	
9	6	7	16.45	4.05	0.23	16.94	8.89	
9	6	8	16.98	3.93	0.32	17.43	9.31	
9	6	9	16.35	3.83	0.35	16.79	8.70	
9	6	10	17.74	4.12	0.78	18.21	10.08	
9	6	11	20.16	2.71	0.86	20.35	11.94	
9	6	12	21.51	2.50	0.83	21.66	13.22	
9	6	13	18.93	0.00	0.00	18.93	10.39	
9	7	0	15.18	6.29	0.25	16.43	9.15	
9	7	1	11.30	4.06	0.17	12.00	4.91	
9	7	2	12.67	4.30	0.22	13.38	5.96	
9	7	3	13.65	4.66	0.30	14.42	6.92	
9	7	4	13.40	3.86	0.33	13.94	6.21	
9	7	5	13.95	3.80	0.29	14.46	6.62	
9	7	6	15.98	3.80	0.24	16.43	8.36	
9	7	7	16.49	4.21	0.42	17.02	9.00	
9	7	8	15.65	4.24	0.40	16.22	8.29	
9	7	9	15.11	4.27	0.44	15.70	7.84	
9	7	10	16.41	3.36	0.66	16.75	8.56	
9	7	11	14.56	2.91	0.97	14.84	6.69	
9	7	12	18.72	0.00	0.00	18.72	10.18	
9	8	0	15.54	5.70	0.27	16.55	9.03	
9	8	1	11.38	4.46	0.31	12.22	5.29	
9	8	2	11.37	4.36	0.33	12.18	5.20	
9	8	3	12.45	5.04	0.56	13.43	6.38	
9	8	4	11.97	5.22	0.86	13.06	6.25	
9	8	5	13.90	3.37	0.34	14.31	6.34	
9	8	6	14.14	3.69	0.47	14.62	6.71	
9	8	7	14.21	3.95	0.45	14.75	6.92	
9	8	8	14.10	2.99	0.45	14.41	6.31	
9	8	9	15.73	3.44	0.48	16.10	7.97	
9	8	10	14.28	3.50	0.49	14.70	6.73	
9	8	11	14.15	3.24	0.90	14.51	6.48	
9	8	12	14.32	3.17	1.12	14.67	6.60	
9	9	0	14.39	5.57	0.58	15.43	8.08	
9	9	1	9.89	3.59	0.38	10.52	3.84	
9	9	2	9.97	4.28	0.58	10.85	4.51	
9	9	3	10.46	4.70	0.64	11.47	5.08	
9	9	4	12.02	3.52	0.81	12.53	4.95	
9	9	5	9.62	4.52	1.85	10.63	4.65	
9	9	6	12.83	3.13	0.47	13.20	5.31	
9	9	7	14.95	2.78	0.36	15.21	6.99	
9	9	8	15.56	3.29	0.61	15.91	7.76	
9	9	9	12.18	1.85	0.92	12.32	4.09	
9	9	10	16.05	3.37	0.52	16.40	8.23	
9	9	11	15.16	3.34	0.79	15.52	7.41	
9	9	12	13.22	5.11	2.09	14.17	6.93	
9	9	13	14.56	0.00	0.00	14.56	6.02	
9	10	0	12.48	5.38	0.90	13.59	6.67	
9	10	1	6.90	2.70	0.52	7.41	3.16	
9	10	2	10.69	4.48	0.86	11.59	4.97	
9	10	3	12.59	2.99	0.67	12.94	5.04	
9	10	4	6.87	3.50	1.06	7.71	3.88	
9	10	5	11.61	3.34	0.71	12.08	4.54	
9	10	6	10.45	2.48	1.24	10.74	3.14	
9	10	7	14.61	0.81	0.58	14.63	6.12	
9	10	8	15.58	2.22	0.39	15.74	7.39	
9	10	9	16.42	3.37	0.65	16.76	8.57	
9	10	10	12.13	2.17	1.25	12.32	4.20	
9	10	11	14.36	4.60	2.06	15.08	7.42	
9	10	12	17.20	0.00	0.00	17.20	8.66	
9	11	0	8.84	4.86	0.95	10.09	4.87	
9	11	1	8.73	2.38	0.72	9.05	2.39	
9	11	2	11.00	2.32	0.70	11.24	3.38	
9	11	3	11.80	2.11	0.86	11.99	3.89	
9	11	4	6.55	3.08	0.86	7.24	3.67	
9	11	5	10.17	0.00	0.00	10.17	1.63	
9	11	7	14.40	1.27	0.45	14.45	6.00	
9	11	8	12.54	0.00	0.00	12.54	4.00	
9	11	9	17.30	0.83	0.42	17.32	8.80	
9	11	10	11.36	0.00	0.00	11.36	2.82	
9	12	0	12.52	4.32	1.63	13.24	5.87	
9	12	1	10.70	3.13	1.28	11.15	3.80	
9	12	2	10.36	1.64	0.94	10.49	2.45	
9	12	3	5.06	0.97	0.32	5.15	3.61	
9	12	4	9.25	0.00	0.00	9.25	0.71	
9	12	8	14.07	1.31	0.93	14.13	5.69	
9	13	0	12.42	4.37	1.65	13.16	5.85	
9	13	2	5.15	0.98	0.35	5.25	3.52	
9	14	1	5.42	1.03	0.24	5.52	3.28	
9	15	0	9.73	2.15	0.76	9.96	2.46	
10	0	1	18.86	5.37	0.15	19.62	11.64	
10	0	2	19.27	5.65	0.12	20.09	12.13	
10	0	3	19.25	5.69	0.13	20.08	12.13	
10	0	4	20.48	5.89	0.15	21.31	13.32	
10	0	5	22.35	6.02	0.18	23.15	15.07	
10	0	6	22.33	6.49	0.26	23.26	15.25	
10	0	7	23.35	6.04	0.30	24.12	16.00	
10	0	8	24.26	6.00	0.38	24.99	16.83	
10	0	9	24.50	6.36	0.51	25.31	17.19	
10	0	10	25.48	4.44	0.49	25.86	17.52	
10	0	11	23.21	5.07	0.70	23.76	15.53	
10	0	12	24.66	5.08	1.17	25.18	16.91	
10	0	13	22.70	4.85	0.89	23.21	14.97	
10	0	14	22.45	1.03	0.72	22.47	13.95	
10	0	15	27.84	2.92	2.06	27.99	19.52	
10	1	0	20.61	6.30	0.19	21.55	13.62	
10	1	1	18.83	5.47	0.14	19.61	11.66	
10	1	2	18.50	5.54	0.12	19.32	11.41	
10	1	3	19.46	5.60	0.14	20.25	12.28	
10	1	4	21.21	6.05	0.17	22.05	14.04	
10	1	5	21.53	5.69	0.20	22.27	14.19	
10	1	6	22.59	5.43	0.22	23.23	15.07	
10	1	7	23.96	6.23	0.33	24.76	16.63	
10	1	8	24.11	5.94	0.39	24.83	16.67	
10	1	9	25.87	4.51	0.38	26.26	17.91	
10	1	10	25.25	4.76	0.47	25.69	17.37	
10	1	11	25.22	4.18	0.60	25.57	17.20	
10	1	12	21.90	4.66	0.68	22.39	14.15	
10	1	13	25.96	3.57	1.60	26.20	17.78	
10	1	14	24.04	4.30	1.30	24.42	16.08	
10	2	0	20.11	6.51	0.16	21.14	13.28	
10	2	1	17.65	5.02	0.11	18.35	10.41	
10	2	2	18.18	4.91	0.12	18.83	10.82	
10	2	3	19.66	5.77	0.14	20.49	12.53	
10	2	4	20.15	5.55	0.17	20.90	12.87	
10	2	5	21.52	5.36	0.18	22.18	14.05	
10	2	6	22.59	4.75	0.19	23.08	14.83	
10	2	7	22.82	5.35	0.28	23.44	15.26	
10	2	8	24.53	3.98	0.26	24.85	16.48	
10	2	9	23.53	5.11	0.44	24.08	15.84	
10	2	10	25.05	4.27	0.50	25.41	17.06	
10	2	11	23.83	4.54	0.50	24.26	15.95	
10	2	12	24.19	4.01	0.72	24.52	16.16	
10	2	13	21.95	3.95	0.79	22.30	13.99	
10	2	14	19.23	1.08	0.62	19.26	10.75	
10	3	0	18.91	6.32	0.15	19.94	12.15	
10	3	1	17.18	4.72	0.11	17.82	9.85	
10	3	2	18.29	5.13	0.12	19.00	11.02	
10	3	3	18.31	4.91	0.16	18.96	10.94	
10	3	4	19.43	4.72	0.15	19.99	11.87	
10	3	5	20.27	4.77	0.19	20.82	12.66	
10	3	6	20.98	5.14	0.25	21.60	13.47	
10	3	7	22.86	3.97	0.23	23.20	14.87	
10	3	8	21.82	4.37	0.37	22.25	13.98	
10	3	9	23.57	3.90	0.39	23.89	15.53	
10	3	10	21.69	4.27	0.46	22.10	13.82	
10	3	11	22.74	4.71	0.91	23.23	14.97	
10	3	12	22.75	3.46	0.71	23.01	14.63	
10	3	13	21.19	3.55	1.07	21.49	13.14	
10	3	14	18.34	2.00	0.89	18.45	10.01	
10	4	0	18.27	6.06	0.16	19.25	11.47	
10	4	1	15.89	5.01	0.15	16.66	8.90	
10	4	2	16.65	5.08	0.16	17.41	9.58	
10	4	3	17.55	4.89	0.16	18.22	10.25	
10	4	4	17.55	4.75	0.24	18.18	10.19	
10	4	5	18.70	4.66	0.21	19.27	11.18	
10	4	6	19.57	4.26	0.22	20.03	11.83	
10	4	7	19.69	4.33	0.26	20.16	11.96	
10	4	8	21.11	4.42	0.40	21.57	13.33	
10	4	9	20.58	4.15	0.45	20.99	12.74	
10	4	10	21.54	4.44	0.93	21.99	13.74	
10	4	11	21.94	3.91	0.82	22.28	13.96	
10	4	12	19.97	3.42	0.88	20.26	11.93	
10	4	13	20.44	1.61	0.93	20.50	12.01	
10	4	14	21.49	0.00	0.00	21.49	12.95	
10	4	15	18.31	2.24	1.12	18.44	10.02	
10	5	0	17.39	6.60	0.22	18.60	11.04	
10	5	1	14.52	4.58	0.19	15.23	7.54	
10	5	2	16.21	4.47	0.18	16.82	8.88	
10	5	3	16.40	4.63	0.21	17.04	9.12	
10	5	4	17.29	5.43	0.27	18.13	10.30	
10	5	5	16.96	3.51	0.30	17.32	9.13	
10	5	6	18.11	3.66	0.22	18.48	10.25	
10	5	7	18.49	3.55	0.25	18.83	10.57	
10	5	8	18.16	3.94	0.34	18.59	10.40	
10	5	9	20.48	3.49	0.50	20.77	12.44	
10	5	10	18.57	3.45	0.55	18.89	10.61	
10	5	11	20.42	3.85	0.86	20.78	12.49	
10	5	12	26.06	4.09	2.36	26.38	17.99	
10	5	13	15.59	0.00	0.00	15.59	7.05	
10	5	15	19.98	1.51	1.07	20.04	11.54	
10	6	0	15.92	6.37	0.34	17.14	9.75	
10	6	1	13.68	4.14	0.22	14.29	6.60	
10	6	2	14.64	4.51	0.24	15.32	7.59	
10	6	3	14.59	5.34	0.36	15.54	8.07	
10	6	4	16.44	4.61	0.33	17.08	9.15	
10	6	5	16.59	4.01	0.26	17.07	9.00	
10	6	6	17.58	3.39	0.57	17.90	9.66	
10	6	7	17.68	4.11	0.32	18.15	10.02	
10	6	8	18.53	3.58	0.38	18.88	10.62	
10	6	9	18.39	3.29	0.36	18.68	10.38	
10	6	10	18.60	2.75	0.55	18.80	10.43	
10	6	11	21.07	1.84	0.56	21.15	12.67	
10	6	12	18.20	3.11	0.80	18.47	10.15	
10	6	13	22.48	2.90	2.05	22.67	14.24	
10	7	0	17.33	6.35	0.39	18.45	10.84	
10	7	1	11.67	3.97	0.29	12.32	5.06	
10	7	2	13.86	4.79	0.41	14.66	7.16	
10	7	3	14.91	4.38	0.43	15.54	7.73	
10	7	4	12.95	4.39	0.59	13.67	6.23	
10	7	5	13.51	4.73	0.46	14.31	6.86	
10	7	6	17.24	4.30	0.36	17.77	9.71	
10	7	7	18.60	3.53	0.54	18.93	10.67	
10	7	8	16.59	4.30	0.63	17.14	9.13	
10	7	9	17.23	2.99	0.35	17.49	9.20	
10	7	10	16.00	3.70	0.92	16.42	8.33	
10	7	11	16.66	3.11	0.75	16.94	8.69	
10	7	12	19.45	0.18	0.10	19.45	10.91	
10	7	13	21.42	0.00	0.00	21.42	12.88	
10	8	0	16.58	5.32	0.43	17.41	9.64	
10	8	1	12.20	4.14	0.53	12.89	5.53	
10	8	2	12.02	4.58	0.49	12.86	5.76	
10	8	3	13.14	4.09	0.85	13.77	6.16	
10	8	4	14.69	2.96	1.05	14.99	6.83	
10	8	5	14.83	3.43	0.64	15.22	7.16	
10	8	6	13.37	6.05	1.21	14.67	7.74	
10	8	7	17.31	3.58	0.68	17.67	9.47	
10	8	8	15.98	2.50	0.50	16.18	7.86	
10	8	9	18.34	2.28	0.61	18.48	10.06	
10	8	10	16.43	3.19	0.55	16.74	8.52	
10	8	11	15.93	2.28	0.93	16.09	7.73	
10	8	12	14.51	1.15	0.44	14.56	6.09	
10	9	0	15.42	6.85	1.40	16.87	9.71	
10	9	1	12.22	3.49	0.51	12.71	5.07	
10	9	2	10.30	4.39	0.78	11.20	4.73	
10	9	3	14.11	3.92	1.13	14.65	6.82	
10	9	4	15.45	0.00	0.00	15.45	6.91	
10	9	6	15.97	1.64	0.52	16.05	7.61	
10	9	7	15.49	2.05	0.37	15.62	7.25	
10	9	8	17.41	3.89	1.08	17.84	9.68	
10	9	9	16.05	1.87	1.32	16.16	7.75	
10	9	10	18.31	2.49	0.72	18.47	10.08	
10	9	11	17.32	2.57	0.69	17.51	9.16	
10	9	12	14.46	0.38	0.27	14.46	5.93	
10	9	13	13.48	0.00	0.00	13.48	4.94	
10	10	0	14.98	4.32	0.94	15.59	7.76	
10	10	1	8.77	2.75	0.69	9.20	2.76	
10	10	2	16.03	2.10	1.21	16.17	7.79	
10	10	3	14.56	2.19	1.09	14.72	6.41	
10	10	4	11.25	0.00	0.00	11.25	2.71	
10	10	5	18.52	0.00	0.00	18.52	9.98	
10	10	8	15.70	2.06	0.47	15.83	7.45	
10	10	9	17.23	3.94	1.14	17.67	9.54	
10	10	11	17.92	0.00	0.00	17.92	9.38	
10	10	12	18.82	0.00	0.00	18.82	10.28	
10	11	0	13.64	4.02	1.01	14.23	6.50	
10	11	2	15.45	0.00	0.00	15.45	6.91	
10	11	9	16.34	1.84	0.92	16.44	8.02	
10	11	10	19.18	0.00	0.00	19.18	10.64	
11	0	1	21.18	5.24	0.27	21.82	13.69	
11	0	2	21.54	5.32	0.20	22.19	14.05	
11	0	3	21.33	5.74	0.23	22.09	14.02	
11	0	4	22.57	5.49	0.23	23.23	15.07	
11	0	5	23.57	5.63	0.27	24.24	16.06	
11	0	6	24.49	6.37	0.39	25.31	17.18	
11	0	7	25.70	5.43	0.35	26.27	18.01	
11	0	8	26.23	5.47	0.45	26.79	18.52	
11	0	9	26.18	5.12	0.51	26.67	18.37	
11	0	10	26.91	4.55	0.53	27.29	18.93	
11	0	11	25.85	4.99	0.67	26.32	18.02	
11	0	12	27.49	4.05	0.98	27.78	19.38	
11	0	13	26.84	3.52	0.77	27.07	18.64	
11	0	14	26.84	3.26	1.46	27.04	18.60	
11	0	15	20.80	6.09	3.51	21.67	13.69	
11	1	0	23.09	5.98	0.33	23.85	15.74	
11	1	1	21.09	5.41	0.24	21.77	13.67	
11	1	2	20.79	5.49	0.22	21.51	13.43	
11	1	3	21.69	5.22	0.21	22.30	14.15	
11	1	4	22.84	5.53	0.25	23.50	15.33	
11	1	5	23.85	5.63	0.31	24.51	16.32	
11	1	6	24.55	5.00	0.29	25.05	16.78	
11	1	7	26.04	6.30	0.46	26.79	18.61	
11	1	8	25.94	4.72	0.37	26.36	18.03	
11	1	9	26.70	3.58	0.35	26.94	18.51	
11	1	10	26.88	4.64	0.55	27.28	18.92	
11	1	11	25.49	5.41	0.81	26.06	17.80	
11	1	12	25.60	4.22	0.68	25.95	17.58	
11	1	13	27.11	3.53	1.25	27.34	18.91	
11	1	14	24.79	5.53	1.60	25.40	17.17	
11	1	15	26.28	0.00	0.00	26.28	17.74	
11	2	0	22.30	6.41	0.27	23.21	15.19	
11	2	1	19.62	4.93	0.19	20.23	12.13	
11	2	2	20.38	4.58	0.20	20.89	12.70	
11	2	3	22.02	5.37	0.22	22.67	14.52	
11	2	4	22.59	5.34	0.27	23.22	15.04	
11	2	5	23.36	4.99	0.25	23.88	15.64	
11	2	6	24.34	4.67	0.27	24.78	16.48	
11	2	7	24.24	4.86	0.32	24.72	16.44	
11	2	8	25.54	4.40	0.39	25.91	17.56	
11	2	9	25.80	4.44	0.39	26.18	17.82	
11	2	10	26.43	4.27	0.56	26.77	18.39	
11	2	11	26.50	4.67	0.69	26.91	18.56	
11	2	12	24.52	4.12	0.79	24.86	16.50	
11	2	13	25.05	4.80	0.89	25.50	17.19	
11	2	14	26.17	1.27	0.57	26.20	17.68	
11	2	15	30.89	4.26	3.01	31.18	22.76	
11	3	0	20.93	6.31	0.28	21.86	13.91	
11	3	1	18.90	4.46	0.19	19.42	11.29	
11	3	2	19.99	4.75	0.21	20.55	12.40	
11	3	3	20.36	4.52	0.26	20.85	12.66	
11	3	4	20.71	4.29	0.22	21.15	12.91	
11	3	5	21.67	4.71	0.28	22.18	13.96	
11	3	6	22.58	4.07	0.29	22.94	14.62	
11	3	7	23.90	3.44	0.26	24.15	15.75	
11	3	8	23.43	4.32	0.38	23.82	15.51	
11	3	9	24.04	3.52	0.39	24.30	15.90	
11	3	10	23.98	3.93	0.48	24.30	15.94	
11	3	11	26.21	2.78	0.66	26.36	17.90	
11	3	12	23.88	3.57	0.76	24.15	15.75	
11	3	13	24.01	4.26	1.23	24.39	16.05	
11	3	14	27.29	1.62	0.51	27.34	18.82	
11	3	15	24.97	0.00	0.00	24.97	16.43	
11	4	0	20.76	5.76	0.29	21.55	13.52	
11	4	1	17.40	4.24	0.25	17.91	9.83	
11	4	2	19.01	5.06	0.31	19.67	11.63	
11	4	3	19.26	4.27	0.26	19.73	11.55	
11	4	4	19.57	3.79	0.35	19.93	11.66	
11	4	5	21.11	4.02	0.31	21.49	13.20	
11	4	6	20.84	4.33	0.31	21.28	13.04	
11	4	7	22.01	3.44	0.33	22.28	13.91	
11	4	8	22.55	3.27	0.42	22.79	14.39	
11	4	9	20.78	4.39	0.63	21.24	13.01	
11	4	10	22.35	4.01	0.70	22.71	14.38	
11	4	11	23.57	3.92	0.66	23.89	15.54	
11	4	12	23.95	5.07	1.31	24.48	16.23	
11	4	14	20.25	2.37	1.19	20.39	11.95	
11	4	15	24.93	0.61	0.43	24.94	16.41	
11	4	16	24.97	0.00	0.00	24.97	16.43	
11	5	0	19.16	6.06	0.39	20.10	12.23	
11	5	1	17.28	4.30	0.38	17.80	9.74	
11	5	2	18.51	3.94	0.30	18.92	10.72	
11	5	3	18.24	4.47	0.37	18.78	10.68	
11	5	4	18.70	4.21	0.36	19.16	11.00	
11	5	5	20.06	3.11	0.45	20.30	11.94	
11	5	6	19.66	3.25	0.33	19.92	11.58	
11	5	7	21.06	3.69	0.40	21.38	13.06	
11	5	8	20.21	3.96	0.47	20.59	12.32	
11	5	9	22.50	2.46	0.43	22.63	14.18	
11	5	10	20.76	2.51	0.63	20.91	12.48	
11	5	11	23.87	4.65	0.99	24.31	16.02	
11	5	12	22.60	4.39	1.17	23.02	14.74	
11	5	14	25.54	0.00	0.00	25.54	17.00	
11	6	0	18.17	5.98	0.69	19.13	11.34	
11	6	1	16.58	3.91	0.48	17.04	8.94	
11	6	2	17.40	4.05	0.47	17.86	9.74	
11	6	3	16.96	4.70	0.79	17.60	9.64	
11	6	4	18.13	4.41	0.62	18.66	10.56	
11	6	5	17.95	4.41	0.47	18.49	10.40	
11	6	6	20.25	2.69	0.54	20.43	12.02	
11	6	7	18.19	3.58	0.39	18.54	10.29	
11	6	8	19.77	3.52	0.56	20.08	11.77	
11	6	9	20.68	2.77	0.44	20.86	12.46	
11	6	10	20.58	2.04	0.91	20.68	12.22	
11	6	11	19.86	4.00	1.11	20.26	12.01	
11	6	12	17.74	3.38	1.95	18.06	9.81	
11	6	13	21.60	2.24	0.79	21.71	13.25	
11	6	14	20.19	3.33	1.26	20.46	12.12	
11	7	0	21.44	5.42	0.77	22.11	14.00	
11	7	1	15.58	3.03	0.46	15.88	7.67	
11	7	2	18.24	2.80	0.58	18.45	10.10	
11	7	3	17.59	3.26	0.67	17.89	9.63	
11	7	4	18.43	2.35	0.68	18.58	10.17	
11	7	5	17.42	3.69	0.70	17.81	9.62	
11	7	6	17.80	3.93	0.51	18.23	10.06	
11	7	7	20.48	3.23	0.58	20.73	12.37	
11	7	8	19.13	3.48	0.60	19.44	11.15	
11	7	9	16.90	3.16	0.57	17.20	8.95	
11	7	10	17.07	4.27	0.84	17.60	9.55	
11	7	11	19.04	1.45	0.73	19.09	10.60	
11	7	12	19.40	1.48	0.60	19.45	10.96	
11	7	13	17.74	3.38	1.95	18.06	9.81	
11	8	0	18.62	4.86	1.09	19.25	11.20	
11	8	1	16.50	3.29	0.91	16.82	8.62	
11	8	2	16.14	3.10	0.86	16.43	8.21	
11	8	3	12.68	0.00	0.00	12.68	4.14	
11	8	4	21.23	0.72	0.51	21.24	12.71	
11	8	5	16.11	2.22	0.84	16.27	7.90	
11	8	6	18.98	3.15	1.11	19.24	10.90	
11	8	7	16.37	2.54	0.49	16.56	8.23	
11	8	8	16.56	1.92	0.58	16.68	8.25	
11	8	9	16.85	1.75	0.50	16.94	8.49	
11	8	10	17.33	2.61	0.61	17.52	9.17	
11	8	11	16.25	1.98	0.75	16.37	7.97	
11	8	12	17.82	0.00	0.00	17.82	9.28	
11	8	13	20.75	0.00	0.00	20.75	12.21	
11	9	0	22.87	0.99	0.70	22.89	14.37	
11	9	1	17.86	1.70	0.64	17.94	9.47	
11	9	3	15.61	1.77	1.25	15.70	7.29	
11	9	6	16.92	2.21	0.78	17.06	8.67	
11	9	7	17.85	0.26	0.08	17.85	9.32	
11	9	8	17.50	1.47	0.60	17.57	9.09	
11	9	10	17.69	1.02	0.36	17.72	9.21	
11	9	11	18.63	1.74	0.71	18.71	10.24	
11	9	12	16.05	0.56	0.32	16.06	7.53	
11	9	13	16.67	0.00	0.00	16.67	8.13	
11	10	0	17.95	3.86	2.73	18.36	10.17	
11	10	2	17.49	0.00	0.00	17.49	8.95	
11	10	5	16.12	0.00	0.00	16.12	7.58	
11	10	6	17.43	0.00	0.00	17.43	8.89	
11	10	7	17.67	0.00	0.00	17.67	9.13	
11	10	8	17.92	0.27	0.11	17.92	9.39	
11	10	9	17.82	1.63	0.81	17.89	9.42	
11	10	13	16.00	0.67	0.48	16.01	7.49	
11	11	8	17.67	0.00	0.00	17.67	9.13	
11	11	9	18.01	0.00	0.00	18.01	9.47	
12	0	1	24.25	5.36	0.52	24.83	16.60	
12	0	2	22.84	5.34	0.45	23.46	15.27	
12	0	3	23.70	5.32	0.41	24.29	16.07	
12	0	4	24.55	5.56	0.48	25.17	16.95	
12	0	5	25.26	4.61	0.39	25.67	17.34	
12	0	6	26.90	5.74	0.59	27.50	19.24	
12	0	7	26.93	5.93	0.64	27.58	19.33	
12	0	8	27.27	4.88	0.61	27.71	19.36	
12	0	9	27.13	5.48	0.77	27.68	19.39	
12	0	10	27.83	4.74	0.84	28.23	19.87	
12	0	11	28.42	5.35	1.17	28.92	20.59	
12	0	12	29.76	5.11	1.42	30.20	21.83	
12	0	13	28.89	2.71	0.72	29.02	20.53	
12	0	14	29.45	3.18	1.20	29.62	21.15	
12	0	15	24.26	3.76	1.42	24.55	16.17	
12	0	18	27.77	1.04	0.74	27.79	19.26	
12	1	0	25.97	7.00	0.73	26.90	18.79	
12	1	1	22.04	5.30	0.47	22.67	14.50	
12	1	2	23.50	5.38	0.43	24.11	15.90	
12	1	3	23.80	5.13	0.46	24.34	16.10	
12	1	4	24.18	4.89	0.40	24.67	16.40	
12	1	5	25.35	5.37	0.55	25.91	17.65	
12	1	6	26.35	5.33	0.52	26.88	18.59	
12	1	7	27.43	4.55	0.54	27.81	19.43	
12	1	8	27.19	5.59	0.68	27.76	19.47	
12	1	9	26.33	4.23	0.63	26.67	18.29	
12	1	10	27.85	3.42	0.50	28.06	19.61	
12	1	11	29.09	5.58	1.16	29.62	21.30	
12	1	12	30.24	5.95	1.72	30.82	22.51	
12	1	13	27.38	3.42	1.21	27.59	19.15	
12	1	14	26.77	4.21	1.12	27.10	18.72	
12	1	15	26.47	0.00	0.00	26.47	17.93	
12	1	16	27.71	0.00	0.00	27.71	19.17	
12	1	17	27.77	1.04	0.74	27.79	19.26	
12	2	0	23.52	6.80	0.56	24.48	16.45	
12	2	1	22.30	4.91	0.41	22.83	14.61	
12	2	2	22.39	4.58	0.41	22.85	14.59	
12	2	3	23.57	4.82	0.40	24.06	15.79	
12	2	4	23.76	5.14	0.53	24.31	16.07	
12	2	5	24.11	4.68	0.44	24.56	16.26	
12	2	6	25.44	4.06	0.45	25.76	17.38	
12	2	7	25.94	4.74	0.51	26.37	18.03	
12	2	8	25.98	3.50	0.49	26.21	17.79	
12	2	9	26.59	3.72	0.48	26.85	18.43	
12	2	10	26.67	3.42	0.70	26.89	18.45	
12	2	11	28.08	3.28	0.67	28.28	19.82	
12	2	12	25.39	3.26	0.79	25.59	17.16	
12	2	13	25.51	3.75	1.04	25.78	17.38	
12	2	14	27.15	2.45	0.87	27.26	18.78	
12	2	15	31.45	0.00	0.00	31.45	22.91	
12	2	16	26.73	0.00	0.00	26.73	18.19	
12	3	0	23.55	6.02	0.57	24.31	16.18	
12	3	1	20.26	4.57	0.45	20.77	12.59	
12	3	2	21.76	4.43	0.39	22.21	13.95	
12	3	3	22.65	4.17	0.43	23.03	14.72	
12	3	4	22.74	3.90	0.44	23.07	14.73	
12	3	5	23.43	3.86	0.46	23.75	15.39	
12	3	6	22.97	4.23	0.47	23.35	15.04	
12	3	7	25.96	3.87	0.55	26.25	17.85	
12	3	8	25.83	3.06	0.46	26.01	17.56	
12	3	9	25.63	3.56	0.59	25.88	17.46	
12	3	10	25.22	3.18	0.65	25.42	16.99	
12	3	11	26.07	2.48	0.64	26.19	17.71	
12	3	12	24.77	4.11	1.00	25.11	16.75	
12	3	13	25.56	1.21	0.49	25.59	17.07	
12	3	14	25.08	0.56	0.32	25.08	16.55	
12	3	15	27.03	2.05	0.91	27.11	18.61	
12	4	0	22.77	6.39	0.72	23.65	15.61	
12	4	1	19.98	4.62	0.56	20.51	12.34	
12	4	2	19.79	5.31	0.67	20.49	12.44	
12	4	3	20.50	3.70	0.44	20.83	12.52	
12	4	4	20.91	2.93	0.62	21.12	12.72	
12	4	5	21.10	4.50	0.60	21.58	13.35	
12	4	6	22.82	3.82	0.65	23.14	14.79	
12	4	7	22.71	3.24	0.41	22.94	14.54	
12	4	8	24.15	3.49	0.61	24.40	16.00	
12	4	9	25.15	4.42	1.27	25.53	17.19	
12	4	10	25.01	2.63	0.88	25.15	16.68	
12	4	11	23.36	3.55	0.77	23.63	15.25	
12	4	12	29.97	0.71	0.50	29.97	21.44	
12	4	13	26.28	2.75	1.12	26.43	17.96	
12	4	14	25.87	1.04	0.60	25.89	17.36	
12	4	15	24.68	0.00	0.00	24.68	16.14	
12	5	0	22.93	5.88	0.87	23.67	15.55	
12	5	1	19.10	4.03	0.88	19.52	11.30	
12	5	2	20.74	4.12	0.68	21.14	12.88	
12	5	3	20.36	5.47	0.93	21.09	13.03	
12	5	4	20.10	4.33	0.77	20.56	12.35	
12	5	5	12.32	7.49	3.06	14.42	8.39	
12	5	6	22.99	3.26	0.64	23.22	14.82	
12	5	7	20.81	3.36	0.65	21.08	12.72	
12	5	8	20.47	4.86	0.81	21.04	12.88	
12	5	9	22.91	4.32	1.11	23.31	15.00	
12	5	10	22.94	3.54	1.25	23.22	14.84	
12	5	11	21.01	4.49	1.03	21.48	13.25	
12	5	12	21.56	3.85	2.22	21.90	13.58	
12	5	13	26.60	0.13	0.09	26.60	18.06	
12	5	16	24.68	0.00	0.00	24.68	16.14	
12	6	0	22.46	3.67	1.83	22.76	14.40	
12	6	1	19.78	5.31	1.60	20.48	12.44	
12	6	2	19.00	3.24	0.65	19.28	10.96	
12	6	3	21.69	5.05	1.68	22.27	14.09	
12	6	4	19.58	5.04	1.30	20.22	12.14	
12	6	5	19.91	3.23	1.22	20.17	11.82	
12	6	6	21.39	0.43	0.30	21.39	12.86	
12	6	7	19.78	3.65	0.67	20.11	11.82	
12	6	8	22.27	3.10	0.83	22.48	14.07	
12	6	9	21.68	3.82	0.80	22.01	13.69	
12	6	10	17.90	4.00	1.51	18.34	10.18	
12	6	11	23.57	0.99	0.57	23.59	15.06	
12	6	12	25.55	2.56	1.05	25.68	17.21	
12	6	13	22.67	3.35	1.93	22.91	14.52	
12	6	14	18.84	0.00	0.00	18.84	10.30	
12	6	16	24.68	0.00	0.00	24.68	16.14	
12	7	0	21.64	6.91	2.00	22.72	14.81	
12	7	2	20.93	6.28	2.81	21.85	13.89	
12	7	3	15.73	3.89	2.25	16.20	8.18	
12	7	5	20.22	3.71	1.17	20.56	12.26	
12	7	6	19.74	2.95	0.79	19.96	11.59	
12	7	7	22.26	2.64	1.08	22.42	13.98	
12	7	8	21.69	2.37	0.79	21.82	13.37	
12	7	9	20.43	3.37	1.68	20.70	12.36	
12	7	10	20.62	2.88	2.03	20.82	12.43	
12	7	11	21.25	4.85	2.80	21.80	13.61	
12	7	12	22.16	0.00	0.00	22.16	13.62	
12	7	13	26.73	0.00	0.00	26.73	18.19	
12	7	15	24.68	0.00	0.00	24.68	16.14	
12	8	1	21.55	7.08	3.54	22.68	14.82	
12	8	3	19.35	0.00	0.00	19.35	10.81	
12	8	6	23.75	0.00	0.00	23.75	15.21	
12	8	7	23.17	0.00	0.00	23.17	14.63	
12	8	8	21.16	0.20	0.14	21.16	12.62	
12	8	9	20.11	1.33	0.94	20.15	11.65	
12	8	10	20.38	2.57	1.05	20.54	12.11	
12	8	11	20.62	2.88	2.03	20.82	12.43	
12	8	12	14.78	0.00	0.00	14.78	6.24	
12	9	0	14.97	0.00	0.00	14.97	6.43	
12	9	7	21.35	0.00	0.00	21.35	12.81	
12	9	8	23.17	0.00	0.00	23.17	14.63	
12	9	10	20.96	1.63	0.94	21.02	12.53	
12	9	11	20.72	1.95	1.38	20.81	12.34	
12	9	12	20.62	2.88	2.03	20.82	12.43	
12	10	8	21.35	0.00	0.00	21.35	12.81	
12	10	9	23.17	0.00	0.00	23.17	14.63	
12	10	11	23.50	0.00	0.00	23.50	14.96	
13	0	1	25.58	5.49	1.33	26.16	17.90	
13	0	2	23.91	4.61	0.87	24.35	16.05	
13	0	3	27.25	5.96	1.09	27.89	19.64	
13	0	4	26.71	4.75	0.93	27.13	18.79	
13	0	5	26.67	5.29	0.91	27.19	18.89	
13	0	6	27.75	4.28	0.91	28.08	19.69	
13	0	7	27.81	4.91	1.02	28.24	19.89	
13	0	8	30.20	3.56	0.76	30.41	21.96	
13	0	9	32.26	3.74	0.91	32.48	24.02	
13	0	10	31.13	6.00	1.55	31.70	23.37	
13	0	11	28.93	3.85	1.07	29.19	20.75	
13	0	12	26.68	1.85	0.83	26.75	18.24	
13	0	13	28.14	2.58	1.29	28.26	19.77	
13	0	14	31.07	0.00	0.00	31.07	22.53	
13	0	15	35.28	3.82	1.91	35.49	27.02	
13	0	16	32.23	2.92	1.19	32.36	23.87	
13	0	18	31.25	0.00	0.00	31.25	22.71	
13	1	0	29.31	5.20	2.12	29.77	21.42	
13	1	1	22.56	4.73	1.12	23.05	14.80	
13	1	2	24.59	5.82	1.24	25.27	17.08	
13	1	3	26.25	5.48	1.07	26.81	18.54	
13	1	4	26.63	4.51	0.87	27.01	18.65	
13	1	5	27.79	4.46	1.02	28.14	19.76	
13	1	6	27.52	4.52	0.90	27.89	19.52	
13	1	7	28.51	4.84	1.08	28.92	20.55	
13	1	8	27.79	4.70	1.30	28.19	19.82	
13	1	9	30.27	4.31	0.94	30.58	22.16	
13	1	10	30.49	3.61	0.88	30.70	22.25	
13	1	11	28.03	5.29	1.53	28.53	20.20	
13	1	12	27.32	4.00	1.42	27.61	19.21	
13	1	13	26.48	0.00	0.00	26.48	17.94	
13	1	14	27.41	2.41	1.70	27.52	19.03	
13	1	15	31.98	3.60	1.80	32.18	23.72	
13	1	16	33.58	0.00	0.00	33.58	25.04	
13	1	17	31.25	0.00	0.00	31.25	22.71	
13	2	0	26.56	8.81	2.54	27.99	20.07	
13	2	1	22.68	4.50	0.88	23.12	14.84	
13	2	2	23.78	3.29	0.66	24.01	15.60	
13	2	3	24.44	5.14	1.07	24.97	16.71	
13	2	4	25.81	5.70	1.28	26.44	18.19	
13	2	5	26.80	4.63	0.93	27.19	18.84	
13	2	6	27.62	3.87	0.83	27.89	19.48	
13	2	7	26.82	4.48	1.12	27.19	18.82	
13	2	8	28.84	3.86	0.76	29.10	20.67	
13	2	9	26.75	2.52	0.80	26.87	18.39	
13	2	10	28.90	3.51	0.94	29.11	20.66	
13	2	11	29.27	4.11	0.97	29.56	21.14	
13	2	12	23.92	5.86	1.77	24.63	16.46	
13	2	13	27.63	2.93	1.46	27.79	19.32	
13	2	14	30.46	4.76	2.38	30.83	22.44	
13	2	15	37.20	0.00	0.00	37.20	28.66	
13	3	0	23.13	3.95	1.09	23.47	15.12	
13	3	1	23.40	5.12	1.54	23.95	15.72	
13	3	2	24.53	3.66	0.69	24.80	16.41	
13	3	3	21.57	2.54	0.76	21.72	13.28	
13	3	4	23.55	3.61	0.61	23.82	15.44	
13	3	5	22.65	3.85	1.22	22.98	14.63	
13	3	6	28.10	3.62	0.97	28.33	19.89	
13	3	7	27.21	2.99	0.67	27.38	18.91	
13	3	8	26.48	2.73	0.76	26.62	18.15	
13	3	9	24.17	3.71	0.90	24.45	16.06	
13	3	10	26.50	3.67	2.60	26.75	18.33	
13	3	11	28.19	2.94	1.31	28.34	19.87	
13	3	12	27.80	2.48	0.75	27.91	19.42	
13	3	13	23.13	4.07	1.54	23.48	15.15	
13	3	14	25.45	2.76	1.95	25.59	17.13	
13	3	15	32.52	0.00	0.00	32.52	23.98	
13	4	0	26.85	3.95	1.25	27.14	18.73	
13	4	1	20.49	2.63	0.93	20.66	12.24	
13	4	2	22.33	6.70	2.53	23.31	15.33	
13	4	3	24.13	3.68	1.02	24.41	16.02	
13	4	4	20.92	2.41	1.08	21.06	12.62	
13	4	5	24.04	3.79	1.05	24.33	15.96	
13	4	6	22.40	4.71	1.49	22.89	14.64	
13	4	7	26.38	4.66	1.25	26.79	18.44	
13	4	8	23.15	2.10	0.53	23.24	14.76	
13	4	9	22.80	1.41	0.58	22.85	14.34	
13	4	10	21.98	2.53	0.84	22.12	13.68	
13	4	11	26.32	3.49	2.47	26.56	18.13	
13	4	12	24.60	0.00	0.00	24.60	16.06	
13	4	13	26.05	0.00	0.00	26.05	17.51	
13	4	14	24.64	0.00	0.00	24.64	16.10	
13	4	15	22.69	0.00	0.00	22.69	14.15	
13	5	0	27.30	5.76	2.58	27.90	19.63	
13	5	1	19.65	1.57	0.79	19.71	11.22	
13	5	2	20.63	2.55	1.04	20.79	12.36	
13	5	3	17.79	7.32	2.59	19.24	11.80	
13	5	4	23.81	4.20	2.10	24.17	15.84	
13	5	5	23.20	2.70	1.56	23.36	14.91	
13	5	6	20.16	5.93	1.64	21.01	13.05	
13	5	7	22.25	3.91	1.48	22.59	14.26	
13	5	8	24.44	2.93	1.20	24.62	16.18	
13	5	9	22.72	2.34	1.17	22.84	14.37	
13	5	10	24.50	2.73	1.22	24.65	16.19	
13	5	11	25.39	1.97	0.80	25.47	16.97	
13	5	15	24.64	0.00	0.00	24.64	16.10	
13	6	0	23.69	5.26	3.03	24.27	16.04	
13	6	1	21.00	3.61	2.55	21.31	12.98	
13	6	2	20.07	0.00	0.00	20.07	11.53	
13	6	4	10.49	0.00	0.00	10.49	1.95	
13	6	5	17.74	7.25	5.13	19.16	11.72	
13	6	6	19.39	0.00	0.00	19.39	10.85	
13	6	7	22.41	4.65	1.64	22.89	14.64	
13	6	8	21.20	4.60	1.88	21.69	13.47	
13	6	9	23.20	4.26	2.13	23.59	15.27	
13	6	10	21.53	0.22	0.13	21.53	12.99	
13	6	11	22.74	0.09	0.06	22.75	14.21	
13	6	12	27.26	0.00	0.00	27.26	18.72	
13	7	0	25.53	0.00	0.00	25.53	16.99	
13	7	6	24.99	0.00	0.00	24.99	16.45	
13	7	7	19.39	0.00	0.00	19.39	10.85	
13	7	8	23.06	2.32	1.16	23.18	14.71	
13	7	9	19.15	3.31	1.35	19.43	11.12	
13	7	11	19.00	0.00	0.00	19.00	10.46	
13	7	12	22.83	0.00	0.00	22.83	14.29	
13	8	7	24.99	0.00	0.00	24.99	16.45	
13	8	8	19.39	0.00	0.00	19.39	10.85	
13	8	9	22.38	0.00	0.00	22.38	13.84	
13	8	10	17.46	1.75	0.87	17.55	9.09	
13	8	12	19.00	0.00	0.00	19.00	10.46	
13	8	13	22.83	0.00	0.00	22.83	14.29	
13	9	10	22.38	0.00	0.00	22.38	13.84	
13	9	11	15.72	0.18	0.13	15.73	7.19	
13	9	13	15.91	0.00	0.00	15.91	7.37	
13	9	14	22.83	0.00	0.00	22.83	14.29	
13	10	12	15.91	0.00	0.00	15.91	7.37	
13	10	15	22.83	0.00	0.00	22.83	14.29	
14	0	1	25.24	0.00	0.00	25.24	16.70	
14	0	3	31.14	0.00	0.00	31.14	22.60	
14	0	4	29.49	0.93	0.66	29.50	20.97	
14	0	5	29.03	3.87	2.74	29.29	20.86	
14	0	6	24.06	0.00	0.00	24.06	15.52	
14	0	7	31.75	0.00	0.00	31.75	23.21	
14	0	8	31.36	2.70	1.56	31.47	22.98	
14	0	9	29.94	3.37	1.69	30.13	21.67	
14	0	10	27.23	4.00	2.00	27.53	19.12	
14	0	12	29.94	0.00	0.00	29.94	21.40	
14	0	13	29.55	3.92	2.78	29.80	21.37	
14	0	14	36.45	3.00	1.73	36.57	28.07	
14	0	15	28.43	4.53	3.20	28.79	20.40	
14	0	17	28.17	0.00	0.00	28.17	19.63	
14	0	24	21.95	0.00	0.00	21.95	13.41	
14	1	0	25.24	0.00	0.00	25.24	16.70	
14	1	2	31.14	0.00	0.00	31.14	22.60	
14	1	4	32.90	0.00	0.00	32.90	24.36	
14	1	5	27.68	2.67	1.54	27.81	19.33	
14	1	6	25.16	0.00	0.00	25.16	16.62	
14	1	7	30.93	3.22	2.27	31.09	22.62	
14	1	8	28.51	3.52	1.76	28.72	20.28	
14	1	9	31.01	2.69	1.55	31.13	22.63	
14	1	10	31.37	2.49	1.76	31.47	22.97	
14	1	11	24.06	1.47	1.04	24.10	15.59	
14	1	12	25.62	0.00	0.00	25.62	17.08	
14	1	13	34.15	4.22	2.43	34.41	25.96	
14	1	14	23.90	0.00	0.00	23.90	15.36	
14	1	15	36.85	0.00	0.00	36.85	28.31	
14	1	16	30.57	2.39	1.69	30.66	22.16	
14	1	23	21.95	0.00	0.00	21.95	13.41	
14	2	1	28.19	2.95	1.47	28.34	19.87	
14	2	6	28.15	2.14	0.88	28.23	19.73	
14	2	7	27.39	3.28	1.89	27.59	19.14	
14	2	8	30.89	3.01	1.35	31.04	22.56	
14	2	9	33.86	0.00	0.00	33.86	25.32	
14	2	11	26.71	1.54	0.89	26.75	18.24	
14	2	12	26.90	4.20	2.42	27.23	18.84	
14	2	13	23.90	0.00	0.00	23.90	15.36	
14	2	14	33.40	3.45	2.44	33.57	25.10	
14	2	15	30.57	2.39	1.69	30.66	22.16	
14	2	22	21.95	0.00	0.00	21.95	13.41	
14	3	2	28.19	2.95	2.09	28.34	19.87	
14	3	5	24.06	0.00	0.00	24.06	15.52	
14	3	6	32.03	0.00	0.00	32.03	23.49	
14	3	7	30.39	1.83	1.29	30.45	21.93	
14	3	8	25.16	0.00	0.00	25.16	16.62	
14	3	12	25.56	2.35	1.36	25.67	17.18	
14	3	13	28.33	4.39	2.19	28.66	20.27	
14	3	14	28.17	0.00	0.00	28.17	19.63	
14	3	21	21.95	0.00	0.00	21.95	13.41	
14	4	3	25.24	0.00	0.00	25.24	16.70	
14	4	4	24.06	0.00	0.00	24.06	15.52	
14	4	11	23.90	0.00	0.00	23.90	15.36	
14	4	13	28.88	0.00	0.00	28.88	20.34	
14	4	14	22.59	0.00	0.00	22.59	14.05	
14	4	15	28.17	0.00	0.00	28.17	19.63	
14	4	20	21.95	0.00	0.00	21.95	13.41	
14	5	3	24.06	0.00	0.00	24.06	15.52	
14	5	4	25.24	0.00	0.00	25.24	16.70	
14	5	10	23.90	0.00	0.00	23.90	15.36	
14	5	14	28.88	0.00	0.00	28.88	20.34	
14	5	15	22.59	0.00	0.00	22.59	14.05	
14	5	19	21.95	0.00	0.00	21.95	13.41	
14	6	5	25.24	0.00	0.00	25.24	16.70	
14	6	9	23.90	0.00	0.00	23.90	15.36	
14	6	15	28.88	0.00	0.00	28.88	20.34	
14	6	16	22.59	0.00	0.00	22.59	14.05	
14	6	17	22.59	0.00	0.00	22.59	14.05	
